N
1
Ng
100
MethodTMatrix_0LS_1DS
0
Solver_0Direct_1GMRES_2FFT
1
Incidence
1
Lambda
402e-9
Center
0	0	0
Nbr_Part
10
Periodic_system
0	1
Npx_Npy_Npz
15	1	1
dx_dy_dz
50e-9	0	0
Material_Type_x_y_z_r1_r2
3	0	0	0	0	40e-9
3	0	400e-9	0	0	40e-9
3	0	800e-9	0	0	40e-9
3	0	1200e-9	0	0	40e-9
3	0	1600e-9	0	0	40e-9
3	0	2000e-9	0	0	40e-9
3	0	2400e-9	0	0	40e-9
3	0	2800e-9	0	0	40e-9
3	0	3200e-9	0	0	40e-9
3	0	3600e-9	0	0	40e-9

3	1	0	0	0	10e-9	8e-9

3	1	0	0	0	20e-9	20e-9

7	0	0	0	0	10e-9
11	0	0	0	0	75e-9
11	0	-140e-9	0	0	50e-9
11	0	140e-9	0	0	50e-9
11	0	0	-140e-9	0	50e-9
11	0	0	140e-9	0	50e-9
11	0	98.99494937e-9	98.99494937e-9	0	50e-9
11	0	-98.99494937e-9	98.99494937e-9	0	50e-9
11	0	98.99494937e-9	-98.99494937e-9	0	50e-9
11	0	-98.99494937e-9	-98.99494937e-9	0	50e-9	

3	0	-7e-9	0	0	5e-9
3	0	7e-9	0	0	5e-9
3	0	-375e-9	0	-40e-9	40e-9
3	0	375e-9	0	-40e-9	40e-9
3	0	-750e-9	0	-40e-9	40e-9
3	0	750e-9	0	-40e-9	40e-9
3	0	-1125e-9	0	-40e-9	40e-9
3	0	1125e-9	0	-40e-9	40e-9
3	0	-1500e-9	0	-40e-9	40e-9
3	0	1500e-9	0	-40e-9	40e-9
3	0	-1875e-9	0	-40e-9	40e-9

3	0	1.1387e-007	2.625e-007	-4.81e-008	1.2634e-008
3	0	1.3457e-007	1.6105e-007	-4.81e-008	1.8542e-008
3	0	1.6148e-007	3.6602e-007	-4.81e-008	3.5755e-008
3	0	1.677e-007	-4.1836e-008	-4.81e-008	3.3732e-008
3	0	1.7598e-007	5.3398e-008	-4.81e-008	3.5563e-008
3	0	1.8426e-007	-1.5156e-007	-4.81e-008	4.3845e-008
3	0	2.0082e-007	2.1695e-007	-4.81e-008	4.5554e-008
3	0	2.3809e-007	-2.9027e-007	-4.81e-008	2.8516e-008
3	0	2.8777e-007	-3.7723e-007	-4.81e-008	3.5812e-008
3	0	3.3953e-007	3.9293e-007	-4.81e-008	6.0694e-009
3	0	4.2648e-007	3.4531e-007	-4.81e-008	4.2518e-008
3	0	4.0785e-007	1.6934e-007	-4.81e-008	2.5724e-008
3	0	4.327e-007	7.2031e-008	-4.81e-008	3.8986e-008
3	0	4.3891e-007	-2.1574e-007	-4.81e-008	9.3444e-009
3	0	4.9688e-007	-4.5977e-008	-4.81e-008	3.5697e-008
3	0	5.2793e-007	-2.9234e-007	-4.81e-008	4.0005e-008
3	0	6.5629e-007	3.6187e-007	-4.81e-008	4.0547e-008
3	0	6.832e-007	5.3398e-008	-4.81e-008	1.2471e-008
3	0	7.2461e-007	1.2793e-007	-4.81e-008	4.0513e-008
3	0	7.5152e-007	-1.4328e-007	-4.81e-008	4.0005e-008
3	0	7.4531e-007	4.9258e-008	-4.81e-008	3.1146e-008
3	0	7.95e-007	-3.2133e-007	-4.81e-008	4.3044e-008
3	0	8.9645e-007	3.8258e-007	-4.81e-008	1.5973e-008
3	0	9.5648e-007	2.6457e-007	-4.81e-008	4.2502e-008
3	0	9.5234e-007	1.4035e-007	-4.81e-008	1.8133e-008
3	0	9.7098e-007	5.7813e-009	-4.81e-008	3.3325e-008
3	0	1.0579e-006	-8.1172e-008	-4.81e-008	4.4309e-008
3	0	1.0766e-006	-2.6129e-007	-4.81e-008	3.4944e-008
3	0	1.0869e-006	-3.6273e-007	-4.81e-008	3.4983e-008
3	0	1.2339e-006	2.6457e-007	-4.81e-008	3.9834e-008
3	0	1.2215e-006	3.3703e-007	-4.81e-008	1.0832e-008
3	0	1.2629e-006	1.4449e-007	-4.81e-008	3.7029e-008
3	0	1.2877e-006	-1.7848e-007	-4.81e-008	3.961e-008
3	0	1.2836e-006	-3.7695e-008	-4.81e-008	2.3738e-008
3	0	1.3561e-006	-3.5031e-007	-4.81e-008	4.7547e-008
3	0	1.4761e-006	3.391e-007	-4.81e-008	3.909e-008
3	0	1.4968e-006	2.418e-007	-4.81e-008	3.6937e-008
3	0	1.561e-006	2.8555e-008	-4.81e-008	4.4432e-008
3	0	1.5465e-006	1.2793e-007	-4.81e-008	3.0815e-008
3	0	1.619e-006	-1.9918e-007	-4.81e-008	4.3829e-008
3	0	1.7432e-006	3.3082e-007	-4.81e-008	3.8439e-008
3	0	1.768e-006	2.0039e-007	-4.81e-008	2.3215e-008
3	0	1.8053e-006	5.1328e-008	-4.81e-008	3.1146e-008
3	0	1.8446e-006	-1.0187e-007	-4.81e-008	3.5678e-008
3	0	1.8695e-006	-3.7102e-007	-4.81e-008	2.0829e-008
3	0	1.8943e-006	-2.5715e-007	-4.81e-008	4.4692e-008
3	0	1.8633e-006	-1.4922e-008	-4.81e-008	4.5238e-009
3	0	2.0682e-006	2.5422e-007	-4.81e-008	4.8046e-008
3	0	2.0952e-006	-3.5625e-008	-4.81e-008	3.6304e-008

3	0	0	0	-40e-9	40e-9
3	0	-300e-9	0	-40e-9	40e-9
3	0	300e-9	0	-40e-9	40e-9
3	0	-600e-9	0	-40e-9	40e-9
3	0	600e-9	0	-40e-9	40e-9
3	0	-900e-9	0	-40e-9	40e-9
3	0	900e-9	0	-40e-9	40e-9
3	0	-1200e-9	0	-40e-9	40e-9
3	0	1200e-9	0	-40e-9	40e-9
3	0	-1500e-9	0	-40e-9	40e-9





3	0	2.3242188E-08	3.3535156E-07	-4.8000000E-08	3.0552366E-08
3	0	2.3242188E-08	1.5007813E-06	-4.8000000E-08	1.1921518E-08
3	0	4.3164063E-08	1.5439453E-07	-4.8000000E-08	1.9691789E-08
3	0	1.0957031E-07	1.4459961E-06	-4.8000000E-08	4.2096861E-08
3	0	9.1308594E-08	1.2716797E-06	-4.8000000E-08	2.5923188E-08
3	0	1.1621094E-07	1.1753906E-06	-4.8000000E-08	3.8901700E-08
3	0	1.2451172E-07	8.8984375E-07	-4.8000000E-08	1.0217568E-08
3	0	1.8095703E-07	1.0575195E-06	-4.8000000E-08	3.5518407E-08
3	0	1.8593750E-07	6.2089844E-07	-4.8000000E-08	2.7722097E-08
3	0	2.1250000E-07	8.1513672E-07	-4.8000000E-08	3.9372438E-08
3	0	2.1416016E-07	4.6816406E-07	-4.8000000E-08	2.1946244E-08
3	0	2.6728516E-07	2.7890625E-07	-4.8000000E-08	4.6616218E-08
3	0	2.7558594E-07	5.3955078E-07	-4.8000000E-08	4.0870270E-08
3	0	2.4404297E-07	1.6750977E-06	-4.8000000E-08	6.6889680E-09
3	0	3.3701172E-07	1.4675781E-06	-4.8000000E-08	4.2820050E-08
3	0	3.6025391E-07	1.5655273E-06	-4.8000000E-08	3.0523638E-08
3	0	3.4863281E-07	1.3314453E-06	-4.8000000E-08	5.9238495E-09
3	0	3.5693359E-07	6.4746094E-08	-4.8000000E-08	8.1115650E-09
3	0	3.6357422E-07	1.1571289E-06	-4.8000000E-08	1.3146409E-08
3	0	4.0507813E-07	1.2318359E-06	-4.8000000E-08	4.0166584E-08
3	0	4.3330078E-07	9.6289063E-07	-4.8000000E-08	3.9528105E-08
3	0	4.2666016E-07	1.1538086E-06	-4.8000000E-08	3.0923403E-08
3	0	4.7646484E-07	7.8691406E-07	-4.8000000E-08	4.2521936E-08
3	0	4.7148438E-07	5.5449219E-07	-4.8000000E-08	2.6125453E-08
3	0	5.1298828E-07	6.3085938E-07	-4.8000000E-08	3.6312280E-08
3	0	5.3955078E-07	4.4492188E-07	-4.8000000E-08	4.0068176E-08
3	0	5.7939453E-07	3.1044922E-07	-4.8000000E-08	3.9025537E-08
3	0	5.6943359E-07	1.6053711E-06	-4.8000000E-08	1.5044712E-08
3	0	5.7275391E-07	1.4858398E-06	-4.8000000E-08	1.7522984E-08
3	0	5.9931641E-07	1.5605469E-07	-4.8000000E-08	3.8253577E-08
3	0	6.0595703E-07	5.9765625E-08	-4.8000000E-08	3.5145956E-08
3	0	6.1591797E-07	1.5522461E-06	-4.8000000E-08	3.8980551E-08
3	0	6.3417969E-07	1.3663086E-06	-4.8000000E-08	4.1887943E-08
3	0	6.3085938E-07	1.2434570E-06	-4.8000000E-08	1.8016685E-08
3	0	6.4912109E-07	1.1106445E-06	-4.8000000E-08	3.3273900E-08
3	0	7.3378906E-07	1.0243164E-06	-4.8000000E-08	4.4091910E-08
3	0	7.3378906E-07	6.2753906E-07	-4.8000000E-08	3.1485693E-08
3	0	7.5371094E-07	8.4667969E-07	-4.8000000E-08	3.4920579E-08
3	0	7.6367188E-07	5.4785156E-07	-4.8000000E-08	3.4870297E-08
3	0	7.6533203E-07	7.4375000E-07	-4.8000000E-08	3.4807343E-08
3	0	8.2509766E-07	2.0917969E-07	-4.8000000E-08	3.8322317E-08
3	0	8.3837891E-07	3.4033203E-07	-4.8000000E-08	3.9749428E-08
3	0	8.1845703E-07	1.6518555E-06	-4.8000000E-08	1.4898217E-08
3	0	8.6162109E-07	1.5456055E-06	-4.8000000E-08	4.1318586E-08
3	0	8.3505859E-07	8.7988281E-08	-4.8000000E-08	3.6276022E-09
3	0	9.0810547E-07	1.3679688E-06	-4.8000000E-08	3.9594632E-08
3	0	8.9482422E-07	1.4376953E-06	-4.8000000E-08	1.2531428E-08
3	0	9.1640625E-07	2.4902344E-08	-4.8000000E-08	2.7974122E-08
3	0	9.3798828E-07	1.2467773E-06	-4.8000000E-08	3.6720701E-08
3	0	9.6289063E-07	9.2802734E-07	-4.8000000E-08	3.9339001E-08
3	0	9.5625000E-07	1.0658203E-06	-4.8000000E-08	2.3953165E-08
3	0	1.0077148E-06	5.9765625E-07	-4.8000000E-08	3.4248356E-08
3	0	1.0292969E-06	7.5703125E-07	-4.8000000E-08	4.7075041E-08
3	0	1.0940430E-06	3.9179688E-07	-4.8000000E-08	3.9461466E-08
3	0	1.0824219E-06	5.3457031E-07	-4.8000000E-08	2.3057401E-08
3	0	1.1089844E-06	1.1953125E-07	-4.8000000E-08	4.6766532E-08
3	0	1.1139648E-06	2.8388672E-07	-4.8000000E-08	3.8698202E-08
3	0	1.1438477E-06	1.6286133E-06	-4.8000000E-08	4.2820050E-08
3	0	1.1455078E-06	1.4410156E-06	-4.8000000E-08	3.8630132E-08
3	0	1.1670898E-06	1.3447266E-06	-4.8000000E-08	3.6696802E-08
3	0	1.2301758E-06	1.1322266E-06	-4.8000000E-08	4.4111802E-08
3	0	1.2185547E-06	1.2334961E-06	-4.8000000E-08	3.0795473E-08
3	0	1.2683594E-06	7.0888672E-07	-4.8000000E-08	4.0503713E-08
3	0	1.2899414E-06	9.0810547E-07	-4.8000000E-08	4.3591645E-08
3	0	1.2982422E-06	4.6650391E-07	-4.8000000E-08	1.3892659E-08
3	0	1.3629883E-06	5.4287109E-07	-4.8000000E-08	3.8788778E-08
3	0	1.3696289E-06	4.1835938E-07	-4.8000000E-08	3.9048011E-08
3	0	1.3845703E-06	1.6701172E-06	-4.8000000E-08	3.5431852E-08
3	0	1.3912109E-06	1.4443359E-07	-4.8000000E-08	4.1488099E-08
3	0	1.4094727E-06	1.4327148E-06	-4.8000000E-08	3.8448020E-08
3	0	1.4078125E-06	1.5306641E-06	-4.8000000E-08	3.1233915E-08
3	0	1.4360352E-06	1.3032227E-06	-4.8000000E-08	2.3490884E-08
3	0	1.4725586E-06	1.1571289E-06	-4.8000000E-08	3.1219868E-08
3	0	1.5107422E-06	1.0060547E-06	-4.8000000E-08	3.5690887E-08
3	0	1.5389648E-06	7.3710938E-07	-4.8000000E-08	2.1027580E-08
3	0	1.5622070E-06	8.5166016E-07	-4.8000000E-08	4.4230970E-08
3	0	1.5323242E-06	1.0907227E-06	-4.8000000E-08	6.1419780E-09
3	0	1.5622070E-06	4.5986328E-07	-4.8000000E-08	1.5588844E-08
3	0	1.6335938E-06	3.0380859E-07	-4.8000000E-08	4.3238016E-08
3	0	1.6501953E-06	4.5986328E-07	-4.8000000E-08	3.2955989E-08
3	0	1.6734375E-06	1.5688477E-06	-4.8000000E-08	3.9826601E-08
3	0	1.6651367E-06	7.3046875E-08	-4.8000000E-08	5.2150070E-09



3	0	0	0	-40e-9	40e-9
3	0	-300e-9	0	-40e-9	40e-9
3	0	300e-9	0	-40e-9	40e-9
3	0	-600e-9	0	-40e-9	40e-9
3	0	600e-9	0	-40e-9	40e-9
3	0	-900e-9	0	-40e-9	40e-9
3	0	900e-9	0	-40e-9	40e-9
3	0	-1200e-9	0	-40e-9	40e-9
3	0	1200e-9	0	-40e-9	40e-9
3	0	-1500e-9	0	-40e-9	40e-9
3	0	1500e-9	0	-40e-9	40e-9
3	0	-1800e-9	0	-30e-9	30e-9
3	0	1800e-9	0	-30e-9	30e-9
3	0	-2100e-9	0	-30e-9	30e-9
3	0	2100e-9	0	-30e-9	30e-9
3	0	-2400e-9	0	-30e-9	30e-9
3	0	2400e-9	0	-30e-9	30e-9
3	0	-2700e-9	0	-30e-9	30e-9
3	0	2700e-9	0	-30e-9	30e-9
3	0	-3000e-9	0	-30e-9	30e-9
3	0	3000e-9	0	-30e-9	30e-9

3	0	-2000e-9	0	-30e-9	30e-9
3	0	1800e-9	0	-30e-9	30e-9
3	0	-2100e-9	0	-30e-9	30e-9
3	0	2100e-9	0	-30e-9	30e-9
3	0	-300e-9	150e-9	-30e-9	30e-9
3	0	300e-9	150e-9	-30e-9	30e-9
3	0	-600e-9	150e-9	-30e-9	30e-9
3	0	600e-9	150e-9	-30e-9	30e-9
3	0	-900e-9	150e-9	-30e-9	30e-9
3	0	900e-9	150e-9	-30e-9	30e-9
3	0	-1200e-9	150e-9	-30e-9	30e-9
3	0	1200e-9	120e-9	-30e-9	30e-9
3	0	-1600e-9	120e-9	-30e-9	30e-9
3	0	0	-120e-9	0	30e-9
3	0	-400e-9	-120e-9	-30e-9	30e-9
3	0	400e-9	-120e-9	-30e-9	30e-9
3	0	-800e-9	-120e-9	-30e-9	30e-9
3	0	800e-9	-120e-9	-30e-9	30e-9
3	0	-1200e-9	-120e-9	-30e-9	30e-9
3	0	1200e-9	-120e-9	-30e-9	30e-9
3	0	-1600e-9	-120e-9	-30e-9	30e-9
3	0	1600e-9	-120e-9	-30e-9	30e-9
3	0	-2000e-9	-120e-9	-30e-9	30e-9


3	0	1.9921875E-07	2.6562500E-08	0	2.92016345E-08
3	0	3.0546875E-07	2.6562500E-08	0	3.04948825E-08
3	0	4.3164063E-07	2.9882813E-08	0	3.86641815E-08
3	0	2.3009766E-06	4.3164063E-08	0	4.86693910E-08
3	0	2.4105469E-06	2.6562500E-08	0	2.55482110E-08
3	0	2.7658203E-06	1.6601563E-08	0	1.12397145E-08
3	0	2.0751953E-06	5.6445313E-08	0	2.93813385E-08
3	0	2.5333984E-06	2.9882813E-08	0	1.10825080E-08
3	0	6.2089844E-07	5.3125000E-08	0	1.27052420E-08
3	0	1.9689453E-06	1.1953125E-07	0	4.55019520E-08
3	0	3.2007813E-06	1.2285156E-07	0	3.66609245E-08
3	0	1.5074219E-06	1.5605469E-07	0	4.40122490E-08
3	0	1.6302734E-06	1.3945313E-07	0	2.58214620E-08
3	0	1.7232422E-06	1.5605469E-07	0	3.59358510E-08
3	0	3.1044922E-06	1.6269531E-07	0	4.30855715E-08
3	0	3.3236328E-06	1.6933594E-07	0	2.96784275E-08
3	0	3.0015625E-06	1.5937500E-07	0	1.42665190E-08
3	0	2.9251953E-06	1.8261719E-07	0	2.42081865E-08
3	0	1.2683594E-06	2.0253906E-07	0	4.45668810E-08
3	0	2.7791016E-06	2.0585938E-07	0	4.42507995E-08
3	0	2.6761719E-06	1.8925781E-07	0	2.10275800E-08
3	0	1.1853516E-06	1.8593750E-07	0	1.12397145E-08
3	0	9.1308594E-07	2.4570313E-07	0	4.32481595E-08
3	0	2.5068359E-06	2.5566406E-07	0	2.47103360E-08
3	0	2.3972656E-06	2.7890625E-07	0	3.22836215E-08
3	0	4.3164063E-07	2.8886719E-07	0	3.11213600E-08
3	0	2.6529297E-06	2.9218750E-07	0	3.52456605E-08
3	0	6.9726563E-07	3.0546875E-07	0	4.56559355E-08
3	0	1.5273438E-07	3.0214844E-07	0	3.47947380E-08
3	0	3.0214844E-07	3.0878906E-07	0	4.05686395E-08
3	0	6.6406250E-08	2.8554688E-07	0	1.27052420E-08
3	0	8.4667969E-07	2.9550781E-07	0	2.03490915E-08
3	0	2.5566406E-06	2.9550781E-07	0	2.24012390E-08
3	0	5.9101563E-07	3.2871094E-07	0	3.15691720E-08
3	0	2.1914063E-06	3.1875000E-07	0	1.19948810E-08
3	0	3.3933594E-06	3.3535156E-07	0	1.53335045E-08
3	0	3.3203125E-08	3.4863281E-07	0	2.93813385E-08
3	0	2.0917969E-06	3.3867188E-07	0	1.80653135E-08
3	0	2.3042969E-06	3.6523438E-07	0	3.91153545E-08
3	0	1.8892578E-06	3.7187500E-07	0	3.38748905E-08
3	0	1.9855469E-06	3.7851563E-07	0	3.57890735E-08
3	0	1.7763672E-06	3.8847656E-07	0	4.37723985E-08
3	0	3.3103516E-06	3.6855469E-07	0	1.07612070E-08
3	0	2.1482422E-06	4.0507813E-07	0	4.60005135E-08
3	0	3.2140625E-06	4.1503906E-07	0	3.84822315E-08
3	0	2.9583984E-06	4.1835938E-07	0	1.40183870E-08
3	0	1.4277344E-06	4.4492188E-07	0	3.79311450E-08
3	0	1.6402344E-06	4.4160156E-07	0	2.82238955E-08
3	0	1.2816406E-06	4.5820313E-07	0	3.26618525E-08
3	0	2.8189453E-06	4.6484375E-07	0	3.77921175E-08
3	0	1.5539063E-06	4.8808594E-07	0	3.57890735E-08
3	0	1.2052734E-06	4.8808594E-07	0	3.13460655E-08
3	0	1.0525391E-06	5.1796875E-07	0	3.88904225E-08
3	0	2.5566406E-06	5.0468750E-07	0	1.67551770E-08
3	0	2.6330078E-06	5.1132813E-07	0	9.17718850E-09
3	0	3.7519531E-07	5.3457031E-07	0	3.24462605E-08
3	0	1.1488281E-06	5.3457031E-07	0	3.12339150E-08
3	0	2.3308594E-06	5.4121094E-07	0	1.09230390E-08
3	0	9.6621094E-07	5.5449219E-07	0	1.91038410E-08
3	0	5.2792969E-07	5.6777344E-07	0	2.88388670E-08
3	0	2.5500000E-06	5.9433594E-07	0	4.99854975E-08
3	0	6.5078125E-07	6.2421875E-07	0	4.48416240E-08
3	0	2.0984375E-06	6.1093750E-07	0	2.58893240E-08
3	0	2.2777344E-06	6.3085938E-07	0	4.26352590E-08
3	0	3.3701172E-06	5.9765625E-07	0	1.29785040E-08
3	0	3.1875000E-06	6.1093750E-07	0	1.72708410E-08
3	0	1.1953125E-07	6.4082031E-07	0	4.42904330E-08
3	0	2.0021484E-06	6.3750000E-07	0	3.93390005E-08
3	0	4.2832031E-07	6.3417969E-07	0	1.54475100E-08
3	0	3.1476563E-06	6.3750000E-07	0	1.31130000E-08
3	0	1.7132813E-06	6.4082031E-07	0	8.78648900E-09
3	0	3.2273438E-06	6.4082031E-07	0	1.15477090E-08
3	0	3.2871094E-06	6.6738281E-07	0	2.70817775E-08
3	0	3.0546875E-06	7.0390625E-07	0	4.55019520E-08
3	0	1.8826172E-06	7.0058594E-07	0	3.55430975E-08
3	0	1.4410156E-06	7.0390625E-07	0	2.78483945E-08
3	0	1.6369141E-06	7.3046875E-07	0	4.00462750E-08
3	0	1.2849609E-06	7.3046875E-07	0	2.19262475E-08
3	0	2.8820313E-06	7.6367188E-07	0	3.62760220E-08
3	0	1.0923828E-06	7.8027344E-07	0	4.75386625E-08
3	0	1.3580078E-06	7.9023438E-07	0	4.14669470E-08
3	0	2.6363281E-06	7.8359375E-07	0	3.16247030E-08
3	0	2.7791016E-06	7.6699219E-07	0	1.04300135E-08
3	0	2.7060547E-06	8.1679688E-07	0	3.70891650E-08
3	0	2.5500000E-06	8.5332031E-07	0	4.45668810E-08
3	0	2.2976563E-06	8.5996094E-07	0	4.35312265E-08
3	0	3.5527344E-07	8.6328125E-07	0	4.00900650E-08
3	0	7.1054688E-07	8.5332031E-07	0	2.64259470E-08
3	0	2.9882813E-08	8.9980469E-07	0	3.83452025E-08
3	0	2.3972656E-06	8.8320313E-07	0	3.04372905E-08
3	0	6.4082031E-07	9.0644531E-07	0	3.52456605E-08
3	0	1.9855469E-06	8.8652344E-07	0	1.22839560E-08
3	0	3.2273438E-06	9.0312500E-07	0	2.31712650E-08
3	0	5.0468750E-07	9.1972656E-07	0	3.86641815E-08
3	0	7.5703125E-07	8.9648438E-07	0	7.94767800E-09
3	0	1.6601563E-07	9.2968750E-07	0	3.30888230E-08
3	0	3.0878906E-06	9.3300781E-07	0	2.11108580E-08
3	0	1.7863281E-06	9.5292969E-07	0	4.00024365E-08
3	0	3.3070313E-06	9.4960938E-07	0	2.70817775E-08
3	0	1.6070313E-06	9.9609375E-07	0	4.31669420E-08
3	0	2.9251953E-06	9.7949219E-07	0	2.11108580E-08
3	0	1.3746094E-06	9.8945313E-07	0	2.62928180E-08
3	0	1.4509766E-06	1.0326172E-06	0	3.64689810E-08
3	0	2.8654297E-06	1.0392578E-06	0	3.73719330E-08
3	0	1.2617188E-06	1.0591797E-06	0	4.05253665E-08
3	0	2.6130859E-06	1.0558594E-06	0	8.16546300E-09
3	0	1.1255859E-06	1.0990234E-06	0	3.96057085E-08
3	0	9.6621094E-07	1.1189453E-06	0	3.89355125E-08
3	0	2.3175781E-06	1.0990234E-06	0	1.65444115E-08
3	0	2.4371094E-06	1.0957031E-06	0	1.47502665E-08
3	0	8.6992188E-07	1.1255859E-06	0	3.54936980E-08
3	0	3.4531250E-07	1.1289063E-06	0	3.40814465E-08
3	0	7.6035156E-07	1.1322266E-06	0	3.28760310E-08
3	0	2.3839844E-06	1.1421875E-06	0	3.92496950E-08
3	0	1.8925781E-07	1.1388672E-06	0	3.29293580E-08
3	0	5.0136719E-07	1.1488281E-06	0	3.96499855E-08
3	0	2.5466797E-06	1.1488281E-06	0	4.33697000E-08
3	0	2.1947266E-06	1.1621094E-06	0	4.25528720E-08
3	0	3.2705078E-06	1.1388672E-06	0	1.09230390E-08
3	0	1.0957031E-07	1.1421875E-06	0	1.18476990E-08
3	0	2.0718750E-06	1.1554688E-06	0	1.75729780E-08
3	0	1.9357422E-06	1.1753906E-06	0	3.31418075E-08
3	0	3.0347656E-06	1.1787109E-06	0	1.32461305E-08
3	0	3.2472656E-06	1.1820313E-06	0	1.60053605E-08
3	0	1.9921875E-08	1.2251953E-06	0	2.33222190E-08
3	0	2.8953125E-06	1.2417969E-06	0	3.27155285E-08
3	0	3.1443359E-06	1.2484375E-06	0	4.44091215E-08
3	0	1.8494141E-06	1.2583984E-06	0	4.47632980E-08
3	0	1.4476563E-06	1.2583984E-06	0	3.14019910E-08
3	0	1.6667969E-06	1.2783203E-06	0	3.48451285E-08
3	0	1.3646484E-06	1.2882813E-06	0	3.56908865E-08
3	0	1.5638672E-06	1.2882813E-06	0	3.48451285E-08
3	0	3.0414063E-06	1.2750000E-06	0	1.13947520E-08
3	0	2.8189453E-06	1.2916016E-06	0	2.23227755E-08
3	0	1.0226563E-06	1.3447266E-06	0	3.89805510E-08
3	0	1.1521484E-06	1.3613281E-06	0	4.01775030E-08
3	0	2.7193359E-06	1.3613281E-06	0	4.01338080E-08
3	0	2.4835938E-06	1.3480469E-06	0	1.38926590E-08
3	0	2.5964844E-06	1.3812500E-06	0	3.48451285E-08
3	0	2.3773438E-06	1.3912109E-06	0	4.16779765E-08
3	0	5.9101563E-07	1.3912109E-06	0	3.22292265E-08
3	0	7.3378906E-07	1.3779297E-06	0	1.75729780E-08
3	0	3.7187500E-07	1.4144531E-06	0	2.73397050E-08
3	0	2.1947266E-06	1.4376953E-06	0	3.98266010E-08
3	0	2.0253906E-07	1.4443359E-06	0	4.06118670E-08
3	0	8.3007813E-07	1.4376953E-06	0	3.02058245E-08
3	0	2.2677734E-06	1.4244141E-06	0	1.12397145E-08
3	0	7.1054688E-07	1.4509766E-06	0	3.68518680E-08
3	0	2.0751953E-06	1.4675781E-06	0	3.68994495E-08
3	0	3.1775391E-06	1.4542969E-06	0	1.42665190E-08
3	0	3.1343750E-06	1.4642578E-06	0	1.65444115E-08
3	0	1.7498047E-06	1.4908203E-06	0	3.95170055E-08
3	0	4.2832031E-07	1.4708984E-06	0	1.92866570E-08
3	0	1.8892578E-06	1.4841797E-06	0	2.35468365E-08
3	0	2.6562500E-08	1.5074219E-06	0	3.41328905E-08
3	0	3.0380859E-06	1.5074219E-06	0	3.34054700E-08
3	0	3.3103516E-06	1.5140625E-06	0	4.03518095E-08
3	0	1.4144531E-06	1.5339844E-06	0	3.45924415E-08
3	0	2.9417969E-06	1.5273438E-06	0	2.63594665E-08
3	0	1.5771484E-06	1.5572266E-06	0	4.76124230E-08
3	0	3.1941406E-06	1.5871094E-06	0	3.58380660E-08
3	0	2.8023438E-06	1.5904297E-06	0	3.78848590E-08
3	0	2.5898438E-06	1.5738281E-06	0	1.40183870E-08
3	0	2.6761719E-06	1.6103516E-06	0	3.13460655E-08
3	0	1.2052734E-06	1.6203125E-06	0	4.00462750E-08
3	0	9.2968750E-07	1.6335938E-06	0	4.73907970E-08
3	0	1.3513672E-06	1.6070313E-06	0	2.29429710E-08
3	0	1.0957031E-06	1.6402344E-06	0	3.87548365E-08
3	0	2.4603516E-06	1.6767578E-06	0	4.30040475E-08
3	0	2.2710938E-06	1.6800781E-06	0	3.89355125E-08
3	0	2.5500000E-06	1.6734375E-06	0	3.14578165E-08
3	0	4.9472656E-07	1.6701172E-06	0	2.02626830E-08
3	0	5.7109375E-07	1.6667969E-06	0	1.49862860E-08
3	0	3.8847656E-07	1.7000000E-06	0	3.88000845E-08
3	0	2.1714844E-06	1.7000000E-06	0	3.68518680E-08
3	0	7.1054688E-07	1.7298828E-06	0	4.46848350E-08
3	0	1.2949219E-07	1.7398438E-06	0	3.61306265E-08
3	0	2.3242188E-07	1.7531250E-06	0	4.25528720E-08
3	0	1.9589844E-06	1.7630859E-06	0	4.43695940E-08
3	0	2.0585938E-06	1.7498047E-06	0	3.08381750E-08
3	0	3.0115234E-06	1.7664063E-06	0	4.11696895E-08
3	0	3.3203125E-06	1.7863281E-06	0	3.69944290E-08
3	0	1.5273438E-06	1.7962891E-06	0	4.09560415E-08
3	0	3.1875000E-06	1.7996094E-06	0	3.04948825E-08
3	0	1.7298828E-06	1.8195313E-06	0	4.39324445E-08
3	0	1.2816406E-06	1.8261719E-06	0	1.33779360E-08
3	0	1.3580078E-06	1.8925781E-06	0	3.92496950E-08
3	0	1.2318359E-06	1.8992188E-06	0	3.94281035E-08
3	0	9.5625000E-07	1.9191406E-06	0	4.16779765E-08
3	0	2.5035156E-06	1.9224609E-06	0	3.77456615E-08
3	0	2.2611328E-06	1.9457031E-06	0	3.89355125E-08
3	0	2.3607422E-06	1.9457031E-06	0	3.11213600E-08
3	0	5.5449219E-07	1.9689453E-06	0	3.18458575E-08
3	0	2.1283203E-06	1.9689453E-06	0	2.27123825E-08
3	0	2.6230469E-07	2.0087891E-06	0	4.49198135E-08
3	0	7.2714844E-07	2.0054688E-06	0	4.23047480E-08
3	0	1.9822266E-06	2.0054688E-06	0	3.11213600E-08
3	0	3.2306641E-06	2.0121094E-06	0	2.60918510E-08
3	0	1.8261719E-06	2.0453125E-06	0	3.55430975E-08
3	0	4.2500000E-07	2.0519531E-06	0	3.75592620E-08
3	0	1.2949219E-07	2.0419922E-06	0	2.25573475E-08
3	0	2.9218750E-06	2.0751953E-06	0	4.20968610E-08
3	0	3.3701172E-06	2.0685547E-06	0	3.33529040E-08
3	0	1.5572266E-06	2.0718750E-06	0	2.08600270E-08
3	0	1.6734375E-06	2.0984375E-06	0	4.43695940E-08
3	0	3.0912109E-06	2.0951172E-06	0	3.16801360E-08
3	0	3.2671875E-06	2.1050781E-06	0	4.58094015E-08
3	0	1.2750000E-06	2.0951172E-06	0	1.52186450E-08
3	0	1.1156250E-06	2.1648438E-06	0	4.34505385E-08
3	0	2.5566406E-06	2.1714844E-06	0	4.31669420E-08
3	0	1.2750000E-06	2.1847656E-06	0	3.31947075E-08
3	0	2.3972656E-06	2.2212891E-06	0	4.41714260E-08
3	0	5.3457031E-07	2.2212891E-06	0	1.60053605E-08
3	0	8.5996094E-07	2.2511719E-06	0	4.77963265E-08
3	0	6.1757813E-07	2.2544922E-06	0	2.88388670E-08
3	0	2.1814453E-06	2.2710938E-06	0	4.80160810E-08
3	0	1.7265625E-07	2.2744141E-06	0	3.88904225E-08
3	0	4.2167969E-07	2.2710938E-06	0	2.47812410E-08
3	0	2.7558594E-07	2.2976563E-06	0	4.25528720E-08
3	0	1.8925781E-06	2.3042969E-06	0	4.04820470E-08
3	0	3.2804688E-06	2.3441406E-06	0	4.24703250E-08
3	0	1.7365234E-06	2.3507813E-06	0	4.15514875E-08
3	0	2.8554688E-06	2.3275391E-06	0	1.93774180E-08
3	0	3.0148438E-06	2.3341797E-06	0	2.28663665E-08
3	0	3.1210938E-06	2.3507813E-06	0	3.66609245E-08
3	0	1.5871094E-06	2.3607422E-06	0	3.96499855E-08
3	0	2.9251953E-06	2.3707031E-06	0	3.36670670E-08
3	0	1.4509766E-06	2.3806641E-06	0	4.21385205E-08
3	0	1.1820313E-06	2.4005859E-06	0	2.52024820E-08
3	0	2.5068359E-06	2.4337891E-06	0	3.44399390E-08
3	0	2.5998047E-06	2.4669922E-06	0	4.39324445E-08
3	0	1.1853516E-06	2.4703125E-06	0	3.53946915E-08
3	0	6.9726563E-07	2.4769531E-06	0	3.39783255E-08
3	0	2.2910156E-06	2.5234375E-06	0	4.89569525E-08
3	0	9.0976563E-07	2.5367188E-06	0	4.37723985E-08
3	0	2.1017578E-06	2.5367188E-06	0	3.77921175E-08
3	0	2.6562500E-07	2.5566406E-06	0	3.75125175E-08
3	0	1.0957031E-07	2.5666016E-06	0	3.76991480E-08
3	0	3.8847656E-07	2.5732422E-06	0	4.20968610E-08
3	0	5.6777344E-07	2.5765625E-06	0	3.78848590E-08
3	0	1.9888672E-06	2.5765625E-06	0	2.12764360E-08
3	0	3.0779297E-06	2.5931641E-06	0	3.76991480E-08
3	0	1.6767578E-06	2.5865234E-06	0	2.79113285E-08
3	0	2.9351563E-06	2.5964844E-06	0	3.37191430E-08
3	0	1.7929688E-06	2.6097656E-06	0	4.41316855E-08
3	0	2.8289063E-06	2.5832031E-06	0	1.55606800E-08
3	0	3.2173828E-06	2.6164063E-06	0	3.96942130E-08
3	0	1.4210938E-06	2.6462891E-06	0	3.97383910E-08
3	0	1.3347656E-06	2.7027344E-06	0	2.79741215E-08
3	0	1.0923828E-06	2.7193359E-06	0	2.49224455E-08
3	0	1.2251953E-06	2.7126953E-06	0	1.21402790E-08
3	0	2.5400391E-06	2.7492188E-06	0	4.64181910E-08
3	0	3.4000000E-06	2.7160156E-06	0	5.92384950E-09
3	0	9.0976563E-07	2.7625000E-06	0	4.67196110E-08
3	0	6.4082031E-07	2.7591797E-06	0	1.77715490E-08
3	0	2.2113281E-06	2.7558594E-06	0	1.05969045E-08
3	0	2.3574219E-06	2.7923828E-06	0	4.11696895E-08
3	0	1.9955078E-06	2.7957031E-06	0	2.79113285E-08
3	0	4.2167969E-07	2.8156250E-06	0	4.54633750E-08
3	0	1.8992188E-06	2.7990234E-06	0	3.04372905E-08
3	0	2.9849609E-06	2.7890625E-06	0	1.73721370E-08
3	0	2.2412109E-06	2.8156250E-06	0	3.54442295E-08
3	0	1.9257813E-07	2.8089844E-06	0	2.62928180E-08
3	0	7.1386719E-07	2.8156250E-06	0	3.20654865E-08
3	0	3.3933594E-06	2.7990234E-06	0	1.10825080E-08
3	0	3.0214844E-07	2.8189453E-06	0	2.76587325E-08
3	0	4.9804688E-08	2.8322266E-06	0	3.23379255E-08
3	0	2.0652344E-06	2.8488281E-06	0	2.38430345E-08
3	0	2.9949219E-06	2.8787109E-06	0	4.28814705E-08
3	0	3.1410156E-06	2.8853516E-06	0	3.43378945E-08
3	0	3.2472656E-06	2.9019531E-06	0	3.13460655E-08
3	0	1.7896484E-06	2.8919922E-06	0	2.09439710E-08
3	0	1.6236328E-06	2.9185547E-06	0	4.23876175E-08
3	0	1.5041016E-06	2.9484375E-06	0	3.88000845E-08
3	0	3.2970703E-06	2.9783203E-06	0	3.51459555E-08
3	0	2.5533203E-06	2.9982422E-06	0	3.21747390E-08
3	0	2.6595703E-06	3.0148438E-06	0	3.90255370E-08
3	0	1.3812500E-06	2.9982422E-06	0	1.67551770E-08
3	0	1.0126953E-06	3.0181641E-06	0	3.14019910E-08
3	0	1.1488281E-06	3.0048828E-06	0	1.33779360E-08
3	0	2.4171875E-06	3.0480469E-06	0	4.30855715E-08
3	0	5.4453125E-07	3.0414063E-06	0	2.33973310E-08
3	0	7.1718750E-07	3.0580078E-06	0	3.75125175E-08
3	0	1.0957031E-06	3.0513672E-06	0	2.82859940E-08
3	0	2.0851563E-06	3.0613281E-06	0	3.35103540E-08
3	0	8.5332031E-07	3.0712891E-06	0	3.55430975E-08
3	0	2.2345703E-06	3.0845703E-06	0	3.84822315E-08
3	0	6.2421875E-07	3.0912109E-06	0	3.14019910E-08
3	0	2.9882813E-07	3.1011719E-06	0	3.88452795E-08
3	0	1.9855469E-06	3.1111328E-06	0	3.79311450E-08
3	0	5.1464844E-07	3.1078125E-06	0	2.81616595E-08
3	0	1.1621094E-07	3.1244141E-06	0	3.76991480E-08
3	0	9.9609375E-09	3.1177734E-06	0	1.19948810E-08
3	0	2.8953125E-06	3.1443359E-06	0	4.00900650E-08
3	0	3.1244141E-06	3.1609375E-06	0	3.58380660E-08
3	0	1.6701172E-06	3.1509766E-06	0	2.32468645E-08
3	0	1.7398438E-06	3.1576172E-06	0	2.24012390E-08
3	0	1.8826172E-06	3.1841797E-06	0	3.03795895E-08
3	0	3.1675781E-06	3.2373047E-06	0	4.08702695E-08
3	0	1.5273438E-06	3.2439453E-06	0	3.37191430E-08
3	0	1.3248047E-06	3.2373047E-06	0	2.20061245E-08
3	0	3.3435547E-06	3.2837891E-06	0	3.70418275E-08
3	0	9.7617188E-07	3.2771484E-06	0	2.29429710E-08
3	0	1.1023438E-06	3.3003906E-06	0	4.51535695E-08
3	0	1.2583984E-06	3.2871094E-06	0	2.10275800E-08
3	0	1.4144531E-06	3.2837891E-06	0	2.22440355E-08
3	0	8.3671875E-07	3.3203125E-06	0	2.89602945E-08
3	0	2.2412109E-06	3.3302734E-06	0	3.77456615E-08
3	0	2.4271484E-06	3.3269531E-06	0	1.31130000E-08
3	0	5.2128906E-07	3.3634766E-06	0	4.13398125E-08
3	0	2.5898438E-06	3.3667969E-06	0	4.54247650E-08
3	0	6.6406250E-07	3.3667969E-06	0	4.10416340E-08
3	0	3.0878906E-07	3.3634766E-06	0	3.00310545E-08
3	0	9.0312500E-07	3.3601563E-06	0	2.36953985E-08
3	0	1.8261719E-07	3.3767578E-06	0	2.73397050E-08
3	0	3.0513672E-06	3.4000000E-06	0	5.29845200E-09

3	0	2.3394531E-07	8.9023438E-08	0	3.1035827E-08
3	0	4.9687500E-07	1.0558594E-07	0	4.5478965E-08
3	0	1.0558594E-07	1.0972656E-07	0	4.0428663E-08
3	0	6.4593750E-07	9.3164063E-08	0	2.1089669E-08
3	0	3.9128906E-07	1.2835938E-07	0	3.1320264E-08
3	0	1.9875000E-06	1.1386719E-07	0	1.2634379E-08
3	0	1.8860547E-06	1.3457031E-07	0	1.8542199E-08
3	0	2.0910156E-06	1.6148438E-07	0	3.5754505E-08
3	0	1.6831641E-06	1.6769531E-07	0	3.3732148E-08
3	0	1.7783984E-06	1.7597656E-07	0	3.5563200E-08
3	0	1.5734375E-06	1.8425781E-07	0	4.3844636E-08
3	0	1.9419531E-06	2.0082031E-07	0	4.5553901E-08
3	0	1.2256250E-06	2.4222656E-07	0	3.7903137E-08
3	0	1.4347266E-06	2.3808594E-07	0	2.8515704E-08
3	0	1.0786328E-06	2.5671875E-07	0	3.2830275E-08
3	0	1.3477734E-06	2.8777344E-07	0	3.5811697E-08
3	0	1.0041016E-06	2.8777344E-07	0	3.1385537E-08
3	0	8.5089844E-07	3.1468750E-07	0	3.8580988E-08
3	0	9.4820313E-07	3.3332031E-07	0	3.1472358E-08
3	0	1.7597656E-07	3.3539063E-07	0	3.2348836E-08
3	0	2.1179297E-06	3.3953125E-07	0	6.0693595E-09
3	0	7.6601563E-07	3.5195313E-07	0	1.9649622E-08
3	0	3.3125000E-07	3.6851563E-07	0	2.8539617E-08
3	0	4.5339844E-07	4.2234375E-07	0	4.4661639E-08
3	0	2.0703125E-06	4.2648438E-07	0	4.2517616E-08
3	0	1.8943359E-06	4.0785156E-07	0	2.5723606E-08
3	0	1.7970313E-06	4.3269531E-07	0	3.8985541E-08
3	0	2.2980469E-07	4.3269531E-07	0	1.5757839E-08
3	0	1.5092578E-06	4.3890625E-07	0	9.3443900E-09
3	0	1.6790234E-06	4.9687500E-07	0	3.5697221E-08
3	0	1.2380469E-06	5.0101563E-07	0	2.7837815E-08
3	0	1.4326563E-06	5.2792969E-07	0	4.0004604E-08
3	0	1.0827734E-06	5.2792969E-07	0	2.1883387E-08
3	0	8.9230469E-07	5.8175781E-07	0	4.7056566E-08
3	0	1.1552344E-06	5.9003906E-07	0	4.1263709E-08
3	0	2.0868750E-06	6.5628906E-07	0	4.0546605E-08
3	0	1.5941406E-07	6.6250000E-07	0	3.9747997E-08
3	0	5.1136719E-07	6.5214844E-07	0	2.6429926E-08
3	0	6.7699219E-07	6.7078125E-07	0	7.3873890E-09
3	0	4.4304688E-07	7.0597656E-07	0	3.5254955E-08
3	0	1.7783984E-06	6.8320313E-07	0	1.2471348E-08
3	0	3.0847656E-07	7.2046875E-07	0	3.8580988E-08
3	0	5.5898438E-07	6.9562500E-07	0	9.4171100E-09
3	0	1.8529297E-06	7.2460938E-07	0	4.0512942E-08
3	0	1.5817188E-06	7.5152344E-07	0	4.0004604E-08
3	0	1.7742578E-06	7.4531250E-07	0	3.1145533E-08
3	0	1.4036719E-06	7.9500000E-07	0	4.3043825E-08
3	0	1.1717969E-06	7.8878906E-07	0	2.6039891E-08
3	0	1.2483984E-06	8.3226563E-07	0	3.6621635E-08
3	0	1.0579297E-06	8.5710938E-07	0	4.0630639E-08
3	0	9.2335938E-07	8.9644531E-07	0	3.9403255E-08
3	0	7.6601563E-07	9.1714844E-07	0	3.8563303E-08
3	0	2.1075781E-06	8.9644531E-07	0	1.5972827E-08
3	0	6.7078125E-07	9.2335938E-07	0	3.5428673E-08
3	0	1.4906250E-07	9.2957031E-07	0	3.3752365E-08
3	0	5.5898438E-07	9.3371094E-07	0	3.2809489E-08
3	0	3.0433594E-07	9.4820313E-07	0	3.9316597E-08
3	0	1.9895703E-06	9.5648438E-07	0	4.2501569E-08
3	0	1.8653516E-06	9.5234375E-07	0	1.8132993E-08
3	0	1.7307813E-06	9.7097656E-07	0	3.3325231E-08
3	0	1.6438281E-06	1.0579297E-06	0	4.4308941E-08
3	0	1.2442578E-06	1.0558594E-06	0	3.1363795E-08
3	0	1.4637109E-06	1.0765625E-06	0	3.4943990E-08
3	0	1.1635156E-06	1.0848438E-06	0	3.5274299E-08
3	0	1.3622656E-06	1.0869141E-06	0	3.4983011E-08
3	0	8.1984375E-07	1.1448828E-06	0	3.8598666E-08
3	0	9.5234375E-07	1.1593750E-06	0	4.0038694E-08
3	0	5.3414063E-07	1.1780078E-06	0	1.8282855E-08
3	0	3.9542969E-07	1.1925000E-06	0	3.2348836E-08
3	0	1.7597656E-07	1.2132031E-06	0	2.7368257E-08
3	0	1.9895703E-06	1.2339063E-06	0	3.9833716E-08
3	0	2.2773438E-08	1.2442578E-06	0	3.0726565E-08
3	0	6.3144531E-07	1.2380469E-06	0	2.9962215E-08
3	0	2.0620313E-06	1.2214844E-06	0	1.0832039E-08
3	0	5.1343750E-07	1.2525391E-06	0	3.7194605E-08
3	0	1.8694922E-06	1.2628906E-06	0	3.7029172E-08
3	0	1.5465234E-06	1.2877344E-06	0	3.9610460E-08
3	0	2.2980469E-07	1.2711719E-06	0	1.9405083E-08
3	0	1.6873047E-06	1.2835938E-06	0	2.3737556E-08
3	0	1.2132031E-06	1.3332813E-06	0	3.4452489E-08
3	0	1.3746875E-06	1.3560547E-06	0	4.7546902E-08
3	0	1.0041016E-06	1.4181641E-06	0	3.9662093E-08
3	0	1.1490234E-06	1.4057422E-06	0	2.3126186E-08
3	0	7.3082031E-07	1.4326563E-06	0	4.7128994E-08
3	0	8.9437500E-07	1.4388672E-06	0	3.8968039E-08
3	0	2.0641016E-06	1.4761328E-06	0	3.9090388E-08
3	0	2.9812500E-07	1.4719922E-06	0	1.9959626E-08
3	0	3.7265625E-07	1.4657813E-06	0	1.4912648E-08
3	0	1.9667969E-06	1.4968359E-06	0	3.6936945E-08
3	0	1.9046875E-07	1.5009766E-06	0	3.8527907E-08
3	0	5.1343750E-07	1.5299609E-06	0	4.4798895E-08
3	0	3.9335938E-08	1.5527344E-06	0	4.1048231E-08
3	0	1.7535547E-06	1.5610156E-06	0	4.4431936E-08
3	0	1.8529297E-06	1.5465234E-06	0	3.0815243E-08
3	0	1.3229297E-06	1.5962109E-06	0	4.0814906E-08
3	0	1.5258203E-06	1.6189844E-06	0	4.3829074E-08
3	0	1.0807031E-06	1.6251953E-06	0	1.3419859E-08
3	0	1.1573047E-06	1.6914453E-06	0	3.9072933E-08
3	0	1.0310156E-06	1.6976563E-06	0	3.9437865E-08
3	0	7.5566406E-07	1.7183594E-06	0	4.1707683E-08
3	0	2.0558203E-06	1.7432031E-06	0	3.8439276E-08
3	0	3.5609375E-07	1.7701172E-06	0	3.1666834E-08
3	0	1.9253906E-06	1.7680469E-06	0	2.3214510E-08
3	0	6.6250000E-08	1.8094531E-06	0	4.4753190E-08
3	0	5.2792969E-07	1.8073828E-06	0	4.2065975E-08
3	0	1.7763281E-06	1.8053125E-06	0	3.1145533E-08
3	0	1.6231250E-06	1.8446484E-06	0	3.5678106E-08
3	0	2.2773438E-07	1.8508594E-06	0	3.7686546E-08
3	0	1.3539844E-06	1.8694922E-06	0	2.0829293E-08
3	0	1.4678516E-06	1.8943359E-06	0	4.4692177E-08
3	0	1.7100781E-06	1.8632813E-06	0	4.5238334E-09
3	0	1.0724219E-06	1.8922656E-06	0	1.5184634E-08
3	0	9.1507813E-07	1.9647266E-06	0	4.3485312E-08
3	0	1.0724219E-06	1.9833594E-06	0	3.3304755E-08
3	0	3.3539063E-07	2.0206250E-06	0	1.6142755E-08
3	0	6.6042969E-07	2.0516797E-06	0	4.7904241E-08
3	0	1.9792188E-06	2.0682422E-06	0	4.8046433E-08
3	0	4.2027344E-07	2.0537500E-06	0	2.8730201E-08
3	0	2.2359375E-07	2.0703125E-06	0	2.4473339E-08
3	0	8.0742188E-08	2.0910156E-06	0	3.9264511E-08
3	0	1.6893750E-06	2.0951563E-06	0	3.6303587E-08

11	0	-210e-9	-210e-9	0	50e-9
11	0	0	-210e-9	0	50e-9
11	0	210e-9	-210e-9	0	50e-9
11	0	-210e-9	0	0	50e-9
11	0	0	0	0	50e-9
11	0	210e-9	0	0	50e-9
11	0	-210e-9	210e-9	0	50e-9
11	0	0	210e-9	0	50e-9
11	0	210e-9	210e-9	0	50e-9

8	0	0.000E+00	0	0	8.00E-08
8	0	6.400E-07	0	0	8.00E-08
8	0	1.280E-06	0	0	8.00E-08
8	0	1.920E-06	0	0	8.00E-08
8	0	2.560E-06	0	0	8.00E-08
8	0	3.200E-06	0	0	8.00E-08
8	0	3.840E-06	0	0	8.00E-08
8	0	4.480E-06	0	0	8.00E-08
8	0	5.120E-06	0	0	8.00E-08
8	0	5.760E-06	0	0	8.00E-08
8	0	0.000E+00	6.400E-07	0	8.00E-08
8	0	6.400E-07	6.400E-07	0	8.00E-08
8	0	1.280E-06	6.400E-07	0	8.00E-08
8	0	1.920E-06	6.400E-07	0	8.00E-08
8	0	2.560E-06	6.400E-07	0	8.00E-08
8	0	3.200E-06	6.400E-07	0	8.00E-08
8	0	3.840E-06	6.400E-07	0	8.00E-08
8	0	4.480E-06	6.400E-07	0	8.00E-08
8	0	5.120E-06	6.400E-07	0	8.00E-08
8	0	5.760E-06	6.400E-07	0	8.00E-08
8	0	0.000E+00	1.280E-06	0	8.00E-08
8	0	6.400E-07	1.280E-06	0	8.00E-08
8	0	1.280E-06	1.280E-06	0	8.00E-08
8	0	1.920E-06	1.280E-06	0	8.00E-08
8	0	2.560E-06	1.280E-06	0	8.00E-08
8	0	3.200E-06	1.280E-06	0	8.00E-08
8	0	3.840E-06	1.280E-06	0	8.00E-08
8	0	4.480E-06	1.280E-06	0	8.00E-08
8	0	5.120E-06	1.280E-06	0	8.00E-08
8	0	5.760E-06	1.280E-06	0	8.00E-08
8	0	0.000E+00	1.920E-06	0	8.00E-08
8	0	6.400E-07	1.920E-06	0	8.00E-08
8	0	1.280E-06	1.920E-06	0	8.00E-08
8	0	1.920E-06	1.920E-06	0	8.00E-08
8	0	2.560E-06	1.920E-06	0	8.00E-08
8	0	3.200E-06	1.920E-06	0	8.00E-08
8	0	3.840E-06	1.920E-06	0	8.00E-08
8	0	4.480E-06	1.920E-06	0	8.00E-08
8	0	5.120E-06	1.920E-06	0	8.00E-08
8	0	5.760E-06	1.920E-06	0	8.00E-08
8	0	0.000E+00	2.560E-06	0	8.00E-08
8	0	6.400E-07	2.560E-06	0	8.00E-08
8	0	1.280E-06	2.560E-06	0	8.00E-08
8	0	1.920E-06	2.560E-06	0	8.00E-08
8	0	2.560E-06	2.560E-06	0	8.00E-08
8	0	3.200E-06	2.560E-06	0	8.00E-08
8	0	3.840E-06	2.560E-06	0	8.00E-08
8	0	4.480E-06	2.560E-06	0	8.00E-08
8	0	5.120E-06	2.560E-06	0	8.00E-08
8	0	5.760E-06	2.560E-06	0	8.00E-08
8	0	0.000E+00	3.200E-06	0	8.00E-08
8	0	6.400E-07	3.200E-06	0	8.00E-08
8	0	1.280E-06	3.200E-06	0	8.00E-08
8	0	1.920E-06	3.200E-06	0	8.00E-08
8	0	2.560E-06	3.200E-06	0	8.00E-08
8	0	3.200E-06	3.200E-06	0	8.00E-08
8	0	3.840E-06	3.200E-06	0	8.00E-08
8	0	4.480E-06	3.200E-06	0	8.00E-08
8	0	5.120E-06	3.200E-06	0	8.00E-08
8	0	5.760E-06	3.200E-06	0	8.00E-08
8	0	0.000E+00	3.840E-06	0	8.00E-08
8	0	6.400E-07	3.840E-06	0	8.00E-08
8	0	1.280E-06	3.840E-06	0	8.00E-08
8	0	1.920E-06	3.840E-06	0	8.00E-08
8	0	2.560E-06	3.840E-06	0	8.00E-08
8	0	3.200E-06	3.840E-06	0	8.00E-08
8	0	3.840E-06	3.840E-06	0	8.00E-08
8	0	4.480E-06	3.840E-06	0	8.00E-08
8	0	5.120E-06	3.840E-06	0	8.00E-08
8	0	5.760E-06	3.840E-06	0	8.00E-08
8	0	0.000E+00	4.480E-06	0	8.00E-08
8	0	6.400E-07	4.480E-06	0	8.00E-08
8	0	1.280E-06	4.480E-06	0	8.00E-08
8	0	1.920E-06	4.480E-06	0	8.00E-08
8	0	2.560E-06	4.480E-06	0	8.00E-08
8	0	3.200E-06	4.480E-06	0	8.00E-08
8	0	3.840E-06	4.480E-06	0	8.00E-08
8	0	4.480E-06	4.480E-06	0	8.00E-08
8	0	5.120E-06	4.480E-06	0	8.00E-08
8	0	5.760E-06	4.480E-06	0	8.00E-08
8	0	0.000E+00	5.120E-06	0	8.00E-08
8	0	6.400E-07	5.120E-06	0	8.00E-08
8	0	1.280E-06	5.120E-06	0	8.00E-08
8	0	1.920E-06	5.120E-06	0	8.00E-08
8	0	2.560E-06	5.120E-06	0	8.00E-08
8	0	3.200E-06	5.120E-06	0	8.00E-08
8	0	3.840E-06	5.120E-06	0	8.00E-08
8	0	4.480E-06	5.120E-06	0	8.00E-08
8	0	5.120E-06	5.120E-06	0	8.00E-08
8	0	5.760E-06	5.120E-06	0	8.00E-08
8	0	0.000E+00	5.760E-06	0	8.00E-08
8	0	6.400E-07	5.760E-06	0	8.00E-08
8	0	1.280E-06	5.760E-06	0	8.00E-08
8	0	1.920E-06	5.760E-06	0	8.00E-08
8	0	2.560E-06	5.760E-06	0	8.00E-08
8	0	3.200E-06	5.760E-06	0	8.00E-08
8	0	3.840E-06	5.760E-06	0	8.00E-08
8	0	4.480E-06	5.760E-06	0	8.00E-08
8	0	5.120E-06	5.760E-06	0	8.00E-08
8	0	5.760E-06	5.760E-06	0	8.00E-08






11	0	-110e-9	-110e-9	0	50e-9
11	0	0	-110e-9	0	50e-9
11	0	110e-9	-110e-9	0	50e-9
11	0	-110e-9	0	0	50e-9
11	0	0	0	0	50e-9
11	0	110e-9	0	0	50e-9
11	0	-110e-9	110e-9	0	50e-9
11	0	0	110e-9	0	50e-9
11	0	110e-9	110e-9	0	50e-9


11	0	-140e-9	0	0	50e-9
11	0	140e-9	0	0	50e-9
11	0	0	-140e-9	0	50e-9
11	0	0	140e-9	0	50e-9
11	0	98.99494937e-9	98.99494937e-9	0	50e-9
11	0	-98.99494937e-9	98.99494937e-9	0	50e-9
11	0	98.99494937e-9	-98.99494937e-9	0	50e-9
11	0	-98.99494937e-9	-98.99494937e-9	0	50e-9



11	0	0	0	0	75e-9
11	0	-140e-9	0	0	50e-9
11	0	140e-9	0	0	50e-9
11	0	0	-140e-9	0	50e-9
11	0	0	140e-9	0	50e-9
11	0	98.99494937e-9	98.99494937e-9	0	50e-9
11	0	-98.99494937e-9	98.99494937e-9	0	50e-9
11	0	98.99494937e-9	-98.99494937e-9	0	50e-9
11	0	-98.99494937e-9	-98.99494937e-9	0	50e-9	


11	0	0	190.5255888e-9	0	100e-9
11	0	-110e-9	0	0	100e-9
11	0	110e-9	0	0	100e-9
11	0	-220e-9	-190.5255888e-9	0	100e-9
11	0	0	-190.5255888e-9	0	100e-9
11	0	220e-9	-190.5255888e-9	0	100e-9

11	0	0	-190.5255888e-9	0	100e-9

11	0	-110e-9	-190.5255888e-9	0	100e-9
11	0	110e-9	-190.5255888e-9	0	100e-9
11	0	-220e-9	0	0	100e-9
11	0	0	0	0	100e-9
11	0	220e-9	0	0	100e-9
11	0	-110e-9	190.5255888e-9	0	100e-9
11	0	110e-9	190.5255888e-9	0	100e-9

11	1	-1.65E-07	-1.65E-07	0	15e-9	7.50E-08
11	1	0	-1.65E-07	0	15e-9	7.50E-08
11	1	1.65E-07	-1.65E-07	0	15e-9	7.50E-08
11	1	-1.65E-07	0	0	15e-9	7.50E-08
11	1	0	0	0	15e-9	7.50E-08
11	1	1.65E-07	0	0	15e-9	7.50E-08
11	1	-1.65E-07	1.65E-07	0	15e-9	7.50E-08
11	1	0	1.65E-07	0	15e-9	7.50E-08
11	1	1.65E-07	1.65E-07	0	15e-9	7.50E-08


11	0	-1.65E-07	-1.65E-07	0	7.50E-08
11	0	0	-1.65E-07	0	7.50E-08
11	0	1.65E-07	-1.65E-07	0	7.50E-08
11	0	-1.65E-07	0	0	7.50E-08
11	0	0	0	0	7.50E-08
11	0	1.65E-07	0	0	7.50E-08
11	0	-1.65E-07	1.65E-07	0	7.50E-08
11	0	0	1.65E-07	0	7.50E-08
11	0	1.65E-07	1.65E-07	0	7.50E-08

11	0	-1.65E-07	1.65E-07	0	7.50E-08
11	0	0	1.65E-07	0	7.50E-08
11	0	1.65E-07	1.65E-07	0	7.50E-08


3	0	-27.5e-9	47.63139721e-9	0	25e-9
3	0	27.5e-9	47.63139721e-9	0	25e-9
3	0	-55e-9	0	0	25e-9
3	0	0	0	0	25e-9
3	0	55e-9	0	0	25e-9
3	0	-27.5e-9	-47.63139721e-9	0	25e-9
3	0	27.5e-9	-47.63139721e-9	0	25e-9

3	0	0	0	0	25e-9
3	0	-55e-9	-55e-9	0	25e-9
3	0	0	-55e-9	0	25e-9
3	0	55e-9	-55e-9	0	25e-9
3	0	-55e-9	0	0	25e-9
3	0	0	0	0	25e-9
3	0	55e-9	0	0	25e-9
3	0	-55e-9	55e-9	0	25e-9
3	0	0	55e-9	0	25e-9
3	0	55e-9	55e-9	0	25e-9

3	0	0	47.63139721e-9	0	25e-9
3	0	-30e-9	0	0	25e-9
3	0	30e-9	0	0	25e-9
3	0	0	-47.63139721e-9	0	25e-9


3	0	0	47.63139721e-9	0	25e-9
3	0	-27.5e-9	0	0	25e-9
3	0	27.5e-9	0	0	25e-9
3	0	-55e-9	-47.63139721e-9	0	25e-9
3	0	0	-47.63139721e-9	0	25e-9
3	0	55e-9	-47.63139721e-9	0	25e-9

3	0	-27.5e-9	47.63139721e-9	0	25e-9
3	0	27.5e-9	47.63139721e-9	0	25e-9
3	0	-55e-9	0	0	25e-9
3	0	0	0	0	25e-9
3	0	55e-9	0	0	25e-9
3	0	-27.5e-9	-47.63139721e-9	0	25e-9
3	0	27.5e-9	-47.63139721e-9	0	25e-9


3	0	-55e-9	-55e-9	0	25e-9
3	0	0	-55e-9	0	25e-9
3	0	55e-9	-55e-9	0	25e-9
3	0	-55e-9	0	0	25e-9
3	0	0	0	0	25e-9
3	0	55e-9	0	0	25e-9
3	0	-55e-9	55e-9	0	25e-9
3	0	0	55e-9	0	25e-9
3	0	55e-9	55e-9	0	25e-9

3	0	-35e-9	0	0	30e-9
3	0	35e-9	0	0	30e-9
3	0	0	60e-9	0	30e-9
3	0	0	-60e-9	0	30e-9

3	0	-55e-9	-55e-9	0	25e-9
3	0	0	-55e-9	0	25e-9
3	0	55e-9	-55e-9	0	25e-9
3	0	-55e-9	0	0	25e-9
3	0	0	0	0	25e-9
3	0	55e-9	0	0	25e-9
3	0	-55e-9	55e-9	0	25e-9
3	0	0	55e-9	0	25e-9
3	0	55e-9	55e-9	0	25e-9

11	0	-1.65E-07	-1.65E-07	0	7.50E-08
11	0	0	-1.65E-07	0	7.50E-08
11	0	1.65E-07	-1.65E-07	0	7.50E-08
11	0	-1.65E-07	0	0	7.50E-08
11	0	0	0	0	7.50E-08
11	0	1.65E-07	0	0	7.50E-08
11	0	-1.65E-07	1.65E-07	0	7.50E-08
11	0	0	1.65E-07	0	7.50E-08
11	0	1.65E-07	1.65E-07	0	7.50E-08

3	0	-55e-9	-55e-9	0	25e-9
3	0	0	-55e-9	0	25e-9
3	0	55e-9	-55e-9	0	25e-9
3	0	-55e-9	0	0	25e-9
3	0	0	0	0	25e-9
3	0	55e-9	0	0	25e-9
3	0	-55e-9	55e-9	0	25e-9
3	0	0	55e-9	0	25e-9
3	0	55e-9	55e-9	0	25e-9

11	0	0	-1.1E-07	0	5E-08
11	0	1.1E-07	-1.1E-07	0	5E-08
11	0	0	0	0	5E-08
11	0	1.1E-07	0	0	5E-08
11	0	0	1.1E-07	0	5E-08
11	0	1.1E-07	1.1E-07	0	5E-08

11	0	-1.65E-07	-1.65E-07	0	7.50E-08
11	0	0	-1.65E-07	0	7.50E-08
11	0	1.65E-07	-1.65E-07	0	7.50E-08
11	0	-1.65E-07	0	0	7.50E-08
11	0	0	0	0	7.50E-08
11	0	1.65E-07	0	0	7.50E-08
11	0	-1.65E-07	1.65E-07	0	7.50E-08
11	0	0	1.65E-07	0	7.50E-08
11	0	1.65E-07	1.65E-07	0	7.50E-08

11	0	-105e-9	0	0	90e-9
11	0	105e-9	0	0	90e-9
11	0	0	180e-9	0	90e-9
11	0	0	-180e-9	0	90e-9

14	0	-90e-9	-90e-9	0	40e-9
14	0	0	-90e-9	0	40e-9
14	0	90e-9	-90e-9	0	40e-9
14	0	-90e-9	0	0	40e-9
14	0	0	0	0	40e-9
14	0	90e-9	0	0	40e-9
14	0	-90e-9	90e-9	0	40e-9
14	0	0	90e-9	0	40e-9
14	0	90e-9	90e-9	0	40e-9

11	0	-65e-9	0	0	60e-9
11	0	65e-9	0	0	60e-9
11	0	0	120e-9	0	60e-9
11	0	0	-120e-9	0	60e-9


3	0	-35e-9	-30.310889e-9	0	15e-9
3	0	0	-30.310889e-9	0	15e-9
3	0	35e-9	-30.310889e-9	0	15e-9
3	0	-17.5e-9	0	0	15e-9
3	0	17.5e-9	0	0	15e-9
3	0	0	30.310889e-9	0	15e-9

3	0	2.3394531E-07	8.9023438E-08	0	3.1035827E-08
3	0	4.9687500E-07	1.0558594E-07	0	4.5478965E-08
3	0	1.0558594E-07	1.0972656E-07	0	4.0428663E-08
3	0	6.4593750E-07	9.3164063E-08	0	2.1089669E-08
3	0	3.9128906E-07	1.2835938E-07	0	3.1320264E-08
3	0	1.9875000E-06	1.1386719E-07	0	1.2634379E-08
3	0	1.8860547E-06	1.3457031E-07	0	1.8542199E-08
3	0	2.0910156E-06	1.6148438E-07	0	3.5754505E-08
3	0	1.6831641E-06	1.6769531E-07	0	3.3732148E-08
3	0	1.7783984E-06	1.7597656E-07	0	3.5563200E-08
3	0	1.5734375E-06	1.8425781E-07	0	4.3844636E-08
3	0	1.9419531E-06	2.0082031E-07	0	4.5553901E-08
3	0	1.2256250E-06	2.4222656E-07	0	3.7903137E-08
3	0	1.4347266E-06	2.3808594E-07	0	2.8515704E-08
3	0	1.0786328E-06	2.5671875E-07	0	3.2830275E-08
3	0	1.3477734E-06	2.8777344E-07	0	3.5811697E-08
3	0	1.0041016E-06	2.8777344E-07	0	3.1385537E-08
3	0	8.5089844E-07	3.1468750E-07	0	3.8580988E-08
3	0	9.4820313E-07	3.3332031E-07	0	3.1472358E-08
3	0	1.7597656E-07	3.3539063E-07	0	3.2348836E-08
3	0	2.1179297E-06	3.3953125E-07	0	6.0693595E-09
3	0	7.6601563E-07	3.5195313E-07	0	1.9649622E-08
3	0	3.3125000E-07	3.6851563E-07	0	2.8539617E-08
3	0	4.5339844E-07	4.2234375E-07	0	4.4661639E-08
3	0	2.0703125E-06	4.2648438E-07	0	4.2517616E-08
3	0	1.8943359E-06	4.0785156E-07	0	2.5723606E-08
3	0	1.7970313E-06	4.3269531E-07	0	3.8985541E-08
3	0	2.2980469E-07	4.3269531E-07	0	1.5757839E-08
3	0	1.5092578E-06	4.3890625E-07	0	9.3443900E-09
3	0	1.6790234E-06	4.9687500E-07	0	3.5697221E-08
3	0	1.2380469E-06	5.0101563E-07	0	2.7837815E-08
3	0	1.4326563E-06	5.2792969E-07	0	4.0004604E-08
3	0	1.0827734E-06	5.2792969E-07	0	2.1883387E-08
3	0	8.9230469E-07	5.8175781E-07	0	4.7056566E-08
3	0	1.1552344E-06	5.9003906E-07	0	4.1263709E-08
3	0	2.0868750E-06	6.5628906E-07	0	4.0546605E-08
3	0	1.5941406E-07	6.6250000E-07	0	3.9747997E-08
3	0	5.1136719E-07	6.5214844E-07	0	2.6429926E-08
3	0	6.7699219E-07	6.7078125E-07	0	7.3873890E-09
3	0	4.4304688E-07	7.0597656E-07	0	3.5254955E-08
3	0	1.7783984E-06	6.8320313E-07	0	1.2471348E-08
3	0	3.0847656E-07	7.2046875E-07	0	3.8580988E-08
3	0	5.5898438E-07	6.9562500E-07	0	9.4171100E-09
3	0	1.8529297E-06	7.2460938E-07	0	4.0512942E-08
3	0	1.5817188E-06	7.5152344E-07	0	4.0004604E-08
3	0	1.7742578E-06	7.4531250E-07	0	3.1145533E-08
3	0	1.4036719E-06	7.9500000E-07	0	4.3043825E-08
3	0	1.1717969E-06	7.8878906E-07	0	2.6039891E-08
3	0	1.2483984E-06	8.3226563E-07	0	3.6621635E-08
3	0	1.0579297E-06	8.5710938E-07	0	4.0630639E-08
3	0	9.2335938E-07	8.9644531E-07	0	3.9403255E-08
3	0	7.6601563E-07	9.1714844E-07	0	3.8563303E-08
3	0	2.1075781E-06	8.9644531E-07	0	1.5972827E-08
3	0	6.7078125E-07	9.2335938E-07	0	3.5428673E-08
3	0	1.4906250E-07	9.2957031E-07	0	3.3752365E-08
3	0	5.5898438E-07	9.3371094E-07	0	3.2809489E-08
3	0	3.0433594E-07	9.4820313E-07	0	3.9316597E-08
3	0	1.9895703E-06	9.5648438E-07	0	4.2501569E-08
3	0	1.8653516E-06	9.5234375E-07	0	1.8132993E-08
3	0	1.7307813E-06	9.7097656E-07	0	3.3325231E-08
3	0	1.6438281E-06	1.0579297E-06	0	4.4308941E-08
3	0	1.2442578E-06	1.0558594E-06	0	3.1363795E-08
3	0	1.4637109E-06	1.0765625E-06	0	3.4943990E-08
3	0	1.1635156E-06	1.0848438E-06	0	3.5274299E-08
3	0	1.3622656E-06	1.0869141E-06	0	3.4983011E-08
3	0	8.1984375E-07	1.1448828E-06	0	3.8598666E-08
3	0	9.5234375E-07	1.1593750E-06	0	4.0038694E-08
3	0	5.3414063E-07	1.1780078E-06	0	1.8282855E-08
3	0	3.9542969E-07	1.1925000E-06	0	3.2348836E-08
3	0	1.7597656E-07	1.2132031E-06	0	2.7368257E-08
3	0	1.9895703E-06	1.2339063E-06	0	3.9833716E-08
3	0	2.2773438E-08	1.2442578E-06	0	3.0726565E-08
3	0	6.3144531E-07	1.2380469E-06	0	2.9962215E-08
3	0	2.0620313E-06	1.2214844E-06	0	1.0832039E-08
3	0	5.1343750E-07	1.2525391E-06	0	3.7194605E-08
3	0	1.8694922E-06	1.2628906E-06	0	3.7029172E-08
3	0	1.5465234E-06	1.2877344E-06	0	3.9610460E-08
3	0	2.2980469E-07	1.2711719E-06	0	1.9405083E-08
3	0	1.6873047E-06	1.2835938E-06	0	2.3737556E-08
3	0	1.2132031E-06	1.3332813E-06	0	3.4452489E-08
3	0	1.3746875E-06	1.3560547E-06	0	4.7546902E-08
3	0	1.0041016E-06	1.4181641E-06	0	3.9662093E-08
3	0	1.1490234E-06	1.4057422E-06	0	2.3126186E-08
3	0	7.3082031E-07	1.4326563E-06	0	4.7128994E-08
3	0	8.9437500E-07	1.4388672E-06	0	3.8968039E-08
3	0	2.0641016E-06	1.4761328E-06	0	3.9090388E-08
3	0	2.9812500E-07	1.4719922E-06	0	1.9959626E-08
3	0	3.7265625E-07	1.4657813E-06	0	1.4912648E-08
3	0	1.9667969E-06	1.4968359E-06	0	3.6936945E-08
3	0	1.9046875E-07	1.5009766E-06	0	3.8527907E-08
3	0	5.1343750E-07	1.5299609E-06	0	4.4798895E-08
3	0	3.9335938E-08	1.5527344E-06	0	4.1048231E-08
3	0	1.7535547E-06	1.5610156E-06	0	4.4431936E-08
3	0	1.8529297E-06	1.5465234E-06	0	3.0815243E-08
3	0	1.3229297E-06	1.5962109E-06	0	4.0814906E-08
3	0	1.5258203E-06	1.6189844E-06	0	4.3829074E-08
3	0	1.0807031E-06	1.6251953E-06	0	1.3419859E-08
3	0	1.1573047E-06	1.6914453E-06	0	3.9072933E-08
3	0	1.0310156E-06	1.6976563E-06	0	3.9437865E-08
3	0	7.5566406E-07	1.7183594E-06	0	4.1707683E-08
3	0	2.0558203E-06	1.7432031E-06	0	3.8439276E-08
3	0	3.5609375E-07	1.7701172E-06	0	3.1666834E-08
3	0	1.9253906E-06	1.7680469E-06	0	2.3214510E-08
3	0	6.6250000E-08	1.8094531E-06	0	4.4753190E-08
3	0	5.2792969E-07	1.8073828E-06	0	4.2065975E-08
3	0	1.7763281E-06	1.8053125E-06	0	3.1145533E-08
3	0	1.6231250E-06	1.8446484E-06	0	3.5678106E-08
3	0	2.2773438E-07	1.8508594E-06	0	3.7686546E-08
3	0	1.3539844E-06	1.8694922E-06	0	2.0829293E-08
3	0	1.4678516E-06	1.8943359E-06	0	4.4692177E-08
3	0	1.7100781E-06	1.8632813E-06	0	4.5238334E-09
3	0	1.0724219E-06	1.8922656E-06	0	1.5184634E-08
3	0	9.1507813E-07	1.9647266E-06	0	4.3485312E-08
3	0	1.0724219E-06	1.9833594E-06	0	3.3304755E-08
3	0	3.3539063E-07	2.0206250E-06	0	1.6142755E-08
3	0	6.6042969E-07	2.0516797E-06	0	4.7904241E-08
3	0	1.9792188E-06	2.0682422E-06	0	4.8046433E-08
3	0	4.2027344E-07	2.0537500E-06	0	2.8730201E-08
3	0	2.2359375E-07	2.0703125E-06	0	2.4473339E-08
3	0	8.0742188E-08	2.0910156E-06	0	3.9264511E-08
3	0	1.6893750E-06	2.0951563E-06	0	3.6303587E-08

11	0	-1.65E-07	-1.65E-07	0	7.50E-08
11	0	0	-1.65E-07	0	7.50E-08
11	0	1.65E-07	-1.65E-07	0	7.50E-08
11	0	-1.65E-07	0	0	7.50E-08
11	0	0	0	0	7.50E-08
11	0	1.65E-07	0	0	7.50E-08
11	0	-1.65E-07	1.65E-07	0	7.50E-08
11	0	0	1.65E-07	0	7.50E-08
11	0	1.65E-07	1.65E-07	0	7.50E-08


3	0	-55e-9	-55e-9	0	25e-9
3	0	0	-55e-9	0	25e-9
3	0	55e-9	-55e-9	0	25e-9
3	0	-55e-9	0	0	25e-9
3	0	0	0	0	25e-9
3	0	55e-9	0	0	25e-9
3	0	-55e-9	55e-9	0	25e-9
3	0	0	55e-9	0	25e-9
3	0	55e-9	55e-9	0	25e-9

11	0	-110e-9	-110e-9	0	50e-9
11	0	0	-110e-9	0	50e-9
11	0	110e-9	-110e-9	0	50e-9
11	0	-110e-9	0	0	50e-9
11	0	0	0	0	50e-9
11	0	110e-9	0	0	50e-9
11	0	-110e-9	110e-9	0	50e-9
11	0	0	110e-9	0	50e-9
11	0	110e-9	110e-9	0	50e-9

11	0	0	0	0	50e-9
3	0	0	-3.325E-06	9.00E-08	3.00E-08
3	0	0	-2.975E-06	9.00E-08	3.00E-08
3	0	0	-2.625E-06	9.00E-08	3.00E-08
3	0	0	-2.275E-06	9.00E-08	3.00E-08
3	0	0	-1.925E-06	9.00E-08	3.00E-08
3	0	0	-1.575E-06	9.00E-08	3.00E-08
3	0	0	-1.225E-06	9.00E-08	3.00E-08
3	0	0	-8.750E-07	9.00E-08	3.00E-08
3	0	0	-5.250E-07	9.00E-08	3.00E-08
3	0	0	-1.750E-07	9.00E-08	3.00E-08
3	0	0	1.750E-07	9.00E-08	3.00E-08
3	0	0	5.250E-07	9.00E-08	3.00E-08
3	0	0	8.750E-07	9.00E-08	3.00E-08
3	0	0	1.225E-06	9.00E-08	3.00E-08
3	0	0	1.575E-06	9.00E-08	3.00E-08
3	0	0	1.925E-06	9.00E-08	3.00E-08
3	0	0	2.275E-06	9.00E-08	3.00E-08
3	0	0	2.625E-06	9.00E-08	3.00E-08
3	0	0	2.975E-06	9.00E-08	3.00E-08
3	0	0	3.325E-06	9.00E-08	3.00E-08










3	0	0	0	9.00E-08	3.00E-08
3	0	0	3.00E-07	9.00E-08	3.00E-08
3	0	0	0.0000006	9.00E-08	3.00E-08
3	0	0	9.00E-07	9.00E-08	3.00E-08
3	0	0	0.0000012	9.00E-08	3.00E-08
3	0	0	1.50E-06	9.00E-08	3.00E-08
3	0	0	0.0000018	9.00E-08	3.00E-08
3	0	0	2.10E-06	9.00E-08	3.00E-08
3	0	0	0.0000024	9.00E-08	3.00E-08
3	0	0	2.70E-06	9.00E-08	3.00E-08




3	0	0	0	80e-9	40e-9
3	0	-100e-9	0	90e-9	30e-9
3	0	350e-9	0	0	40e-9
3	0	-700e-9	0	0	40e-9
3	0	700e-9	0	0	40e-9
3	0	-1050e-9	0	0	40e-9
3	0	1050e-9	0	0	40e-9
3	0	-1400e-9	0	0	40e-9
3	0	1400e-9	0	0	40e-9
3	0	-1750e-9	0	0	40e-9
3	0	1750e-9	0	0	40e-9
3	0	-2100e-9	0	0	40e-9
3	0	2100e-9	0	0	40e-9

3	0	4.00E-07	0	0	4.00E-08
3	0	8.00E-07	0	0	4.00E-08
3	0	1.20E-06	0	0	4.00E-08
3	0	1.60E-06	0	0	4.00E-08
3	0	2.00E-06	0	0	4.00E-08
3	0	2.40E-06	0	0	4.00E-08
3	0	2.80E-06	0	0	4.00E-08
3	0	3.20E-06	0	0	4.00E-08
3	0	3.60E-06	0	0	4.00E-08
3	0	4.00E-06	0	0	4.00E-08
3	0	4.40E-06	0	0	4.00E-08
3	0	4.80E-06	0	0	4.00E-08
3	0	5.20E-06	0	0	4.00E-08
3	0	5.60E-06	0	0	4.00E-08
3	0	6.00E-06	0	0	4.00E-08
3	0	6.40E-06	0	0	4.00E-08
3	0	6.80E-06	0	0	4.00E-08
3	0	7.20E-06	0	0	4.00E-08
3	0	7.60E-06	0	0	4.00E-08
3	0	8.00E-06	0	0	4.00E-08
3	0	8.40E-06	0	0	4.00E-08
3	0	8.80E-06	0	0	4.00E-08
3	0	9.20E-06	0	0	4.00E-08
3	0	9.60E-06	0	0	4.00E-08
3	0	1.00E-05	0	0	4.00E-08
3	0	1.04E-05	0	0	4.00E-08
3	0	1.08E-05	0	0	4.00E-08
3	0	1.12E-05	0	0	4.00E-08
3	0	1.16E-05	0	0	4.00E-08
3	0	1.20E-05	0	0	4.00E-08
3	0	1.24E-05	0	0	4.00E-08
3	0	1.28E-05	0	0	4.00E-08
3	0	1.32E-05	0	0	4.00E-08
3	0	1.36E-05	0	0	4.00E-08
3	0	1.40E-05	0	0	4.00E-08
3	0	1.44E-05	0	0	4.00E-08
3	0	1.48E-05	0	0	4.00E-08
3	0	1.52E-05	0	0	4.00E-08
3	0	1.56E-05	0	0	4.00E-08
3	0	1.60E-05	0	0	4.00E-08
3	0	1.64E-05	0	0	4.00E-08
3	0	1.68E-05	0	0	4.00E-08
3	0	1.72E-05	0	0	4.00E-08
3	0	1.76E-05	0	0	4.00E-08
3	0	1.80E-05	0	0	4.00E-08
3	0	1.84E-05	0	0	4.00E-08
3	0	1.88E-05	0	0	4.00E-08
3	0	1.92E-05	0	0	4.00E-08
3	0	1.96E-05	0	0	4.00E-08
3	0	2.00E-05	0	0	4.00E-08
3	0	2.04E-05	0	0	4.00E-08
3	0	2.08E-05	0	0	4.00E-08
3	0	2.12E-05	0	0	4.00E-08
3	0	2.16E-05	0	0	4.00E-08
3	0	2.20E-05	0	0	4.00E-08
3	0	2.24E-05	0	0	4.00E-08
3	0	2.28E-05	0	0	4.00E-08
3	0	2.32E-05	0	0	4.00E-08
3	0	2.36E-05	0	0	4.00E-08
3	0	2.40E-05	0	0	4.00E-08
3	0	2.44E-05	0	0	4.00E-08
3	0	2.48E-05	0	0	4.00E-08
3	0	2.52E-05	0	0	4.00E-08
3	0	2.56E-05	0	0	4.00E-08
3	0	2.60E-05	0	0	4.00E-08
3	0	2.64E-05	0	0	4.00E-08
3	0	2.68E-05	0	0	4.00E-08
3	0	2.72E-05	0	0	4.00E-08
3	0	2.76E-05	0	0	4.00E-08
3	0	2.80E-05	0	0	4.00E-08
3	0	2.84E-05	0	0	4.00E-08
3	0	2.88E-05	0	0	4.00E-08
3	0	2.92E-05	0	0	4.00E-08
3	0	2.96E-05	0	0	4.00E-08
3	0	3.00E-05	0	0	4.00E-08
3	0	3.04E-05	0	0	4.00E-08
3	0	3.08E-05	0	0	4.00E-08
3	0	3.12E-05	0	0	4.00E-08
3	0	3.16E-05	0	0	4.00E-08
















8	0	-51e-9	0	0	50e-9
8	0	51e-9	0	0	50e-9
8	0	0.000001	0	0	5.00E-08
8	0	1.50E-06	0	0	5.00E-08
8	0	0.000002	0	0	5.00E-08
8	0	2.50E-06	0	0	5.00E-08
8	0	0.000003	0	0	5.00E-08
8	0	3.50E-06	0	0	5.00E-08
8	0	0.000004	0	0	5.00E-08
8	0	4.50E-06	0	0	5.00E-08
8	0	0.000005	0	0	5.00E-08
8	0	5.50E-06	0	0	5.00E-08
8	0	0.000006	0	0	5.00E-08
8	0	6.50E-06	0	0	5.00E-08
8	0	0.000007	0	0	5.00E-08
8	0	7.50E-06	0	0	5.00E-08
8	0	0.000008	0	0	5.00E-08
8	0	8.50E-06	0	0	5.00E-08
8	0	0.000009	0	0	5.00E-08
8	0	9.50E-06	0	0	5.00E-08
8	0	0.00001	0	0	5.00E-08
8	0	1.05E-05	0	0	5.00E-08
8	0	0.000011	0	0	5.00E-08
8	0	1.15E-05	0	0	5.00E-08
8	0	0.000012	0	0	5.00E-08
8	0	1.25E-05	0	0	5.00E-08
8	0	0.000013	0	0	5.00E-08
8	0	1.35E-05	0	0	5.00E-08
8	0	0.000014	0	0	5.00E-08
8	0	1.45E-05	0	0	5.00E-08
8	0	0.000015	0	0	5.00E-08
8	0	1.55E-05	0	0	5.00E-08
8	0	0.000016	0	0	5.00E-08
8	0	1.65E-05	0	0	5.00E-08
8	0	0.000017	0	0	5.00E-08
8	0	1.75E-05	0	0	5.00E-08
8	0	0.000018	0	0	5.00E-08
8	0	1.85E-05	0	0	5.00E-08
8	0	0.000019	0	0	5.00E-08
8	0	1.95E-05	0	0	5.00E-08
8	0	0.00002	0	0	5.00E-08
8	0	2.05E-05	0	0	5.00E-08
8	0	0.000021	0	0	5.00E-08
8	0	2.15E-05	0	0	5.00E-08
8	0	0.000022	0	0	5.00E-08
8	0	2.25E-05	0	0	5.00E-08
8	0	0.000023	0	0	5.00E-08
8	0	2.35E-05	0	0	5.00E-08
8	0	0.000024	0	0	5.00E-08
8	0	2.45E-05	0	0	5.00E-08
8	0	0.000025	0	0	5.00E-08
8	0	2.55E-05	0	0	5.00E-08
8	0	0.000026	0	0	5.00E-08
8	0	2.65E-05	0	0	5.00E-08
8	0	0.000027	0	0	5.00E-08
8	0	2.75E-05	0	0	5.00E-08
8	0	0.000028	0	0	5.00E-08
8	0	2.85E-05	0	0	5.00E-08
8	0	0.000029	0	0	5.00E-08
8	0	2.95E-05	0	0	5.00E-08
8	0	0.00003	0	0	5.00E-08
8	0	3.05E-05	0	0	5.00E-08
8	0	0.000031	0	0	5.00E-08
8	0	3.15E-05	0	0	5.00E-08
8	0	0.000032	0	0	5.00E-08
8	0	3.25E-05	0	0	5.00E-08
8	0	0.000033	0	0	5.00E-08
8	0	3.35E-05	0	0	5.00E-08
8	0	0.000034	0	0	5.00E-08
8	0	3.45E-05	0	0	5.00E-08
8	0	0.000035	0	0	5.00E-08
8	0	3.55E-05	0	0	5.00E-08
8	0	0.000036	0	0	5.00E-08
8	0	3.65E-05	0	0	5.00E-08
8	0	0.000037	0	0	5.00E-08
8	0	3.75E-05	0	0	5.00E-08
8	0	0.000038	0	0	5.00E-08
8	0	3.85E-05	0	0	5.00E-08
8	0	0.000039	0	0	5.00E-08
8	0	3.95E-05	0	0	5.00E-08
8	0	0.00004	0	0	5.00E-08
8	0	4.05E-05	0	0	5.00E-08
8	0	0.000041	0	0	5.00E-08
8	0	4.15E-05	0	0	5.00E-08
8	0	0.000042	0	0	5.00E-08
8	0	4.25E-05	0	0	5.00E-08
8	0	0.000043	0	0	5.00E-08
8	0	4.35E-05	0	0	5.00E-08
8	0	0.000044	0	0	5.00E-08
8	0	4.45E-05	0	0	5.00E-08
8	0	0.000045	0	0	5.00E-08
8	0	4.55E-05	0	0	5.00E-08
8	0	0.000046	0	0	5.00E-08
8	0	4.65E-05	0	0	5.00E-08
8	0	0.000047	0	0	5.00E-08
8	0	4.75E-05	0	0	5.00E-08
8	0	0.000048	0	0	5.00E-08
8	0	4.85E-05	0	0	5.00E-08
8	0	0.000049	0	0	5.00E-08
8	0	4.95E-05	0	0	5.00E-08




18	0	0	0	0	100e-9

3	0	0	0	0	4.00E-08
3	0	4.00E-07	0	0	4.00E-08
3	0	0.0000008	0	0	4.00E-08
3	0	1.20E-06	0	0	4.00E-08
3	0	0.0000016	0	0	4.00E-08
3	0	2.00E-06	0	0	4.00E-08
3	0	0.0000024	0	0	4.00E-08
3	0	2.80E-06	0	0	4.00E-08
3	0	0.0000032	0	0	4.00E-08
3	0	3.60E-06	0	0	4.00E-08
3	0	0	1.20E-07	0	4.00E-08
3	0	4.00E-07	1.20E-07	0	4.00E-08
3	0	0.0000008	1.20E-07	0	4.00E-08
3	0	1.20E-06	1.20E-07	0	4.00E-08
3	0	0.0000016	1.20E-07	0	4.00E-08
3	0	2.00E-06	1.20E-07	0	4.00E-08
3	0	0.0000024	1.20E-07	0	4.00E-08
3	0	2.80E-06	1.20E-07	0	4.00E-08
3	0	0.0000032	1.20E-07	0	4.00E-08
3	0	3.60E-06	1.20E-07	0	4.00E-08
3	0	0	2.40E-07	0	4.00E-08
3	0	4.00E-07	2.40E-07	0	4.00E-08
3	0	0.0000008	2.40E-07	0	4.00E-08
3	0	1.20E-06	2.40E-07	0	4.00E-08
3	0	0.0000016	2.40E-07	0	4.00E-08
3	0	2.00E-06	2.40E-07	0	4.00E-08
3	0	0.0000024	2.40E-07	0	4.00E-08
3	0	2.80E-06	2.40E-07	0	4.00E-08
3	0	0.0000032	2.40E-07	0	4.00E-08
3	0	3.60E-06	2.40E-07	0	4.00E-08
3	0	0	3.60E-07	0	4.00E-08
3	0	4.00E-07	3.60E-07	0	4.00E-08
3	0	0.0000008	3.60E-07	0	4.00E-08
3	0	1.20E-06	3.60E-07	0	4.00E-08
3	0	0.0000016	3.60E-07	0	4.00E-08
3	0	2.00E-06	3.60E-07	0	4.00E-08
3	0	0.0000024	3.60E-07	0	4.00E-08
3	0	2.80E-06	3.60E-07	0	4.00E-08
3	0	0.0000032	3.60E-07	0	4.00E-08
3	0	3.60E-06	3.60E-07	0	4.00E-08
3	0	0	4.80E-07	0	4.00E-08
3	0	4.00E-07	4.80E-07	0	4.00E-08
3	0	0.0000008	4.80E-07	0	4.00E-08
3	0	1.20E-06	4.80E-07	0	4.00E-08
3	0	0.0000016	4.80E-07	0	4.00E-08
3	0	2.00E-06	4.80E-07	0	4.00E-08
3	0	0.0000024	4.80E-07	0	4.00E-08
3	0	2.80E-06	4.80E-07	0	4.00E-08
3	0	0.0000032	4.80E-07	0	4.00E-08
3	0	3.60E-06	4.80E-07	0	4.00E-08
3	0	0	6.00E-07	0	4.00E-08
3	0	4.00E-07	6.00E-07	0	4.00E-08
3	0	0.0000008	6.00E-07	0	4.00E-08
3	0	1.20E-06	6.00E-07	0	4.00E-08
3	0	0.0000016	6.00E-07	0	4.00E-08
3	0	2.00E-06	6.00E-07	0	4.00E-08
3	0	0.0000024	6.00E-07	0	4.00E-08
3	0	2.80E-06	6.00E-07	0	4.00E-08
3	0	0.0000032	6.00E-07	0	4.00E-08
3	0	3.60E-06	6.00E-07	0	4.00E-08
3	0	0	7.20E-07	0	4.00E-08
3	0	4.00E-07	7.20E-07	0	4.00E-08
3	0	0.0000008	7.20E-07	0	4.00E-08
3	0	1.20E-06	7.20E-07	0	4.00E-08
3	0	0.0000016	7.20E-07	0	4.00E-08
3	0	2.00E-06	7.20E-07	0	4.00E-08
3	0	0.0000024	7.20E-07	0	4.00E-08
3	0	2.80E-06	7.20E-07	0	4.00E-08
3	0	0.0000032	7.20E-07	0	4.00E-08
3	0	3.60E-06	7.20E-07	0	4.00E-08
3	0	0	8.40E-07	0	4.00E-08
3	0	4.00E-07	8.40E-07	0	4.00E-08
3	0	0.0000008	8.40E-07	0	4.00E-08
3	0	1.20E-06	8.40E-07	0	4.00E-08
3	0	0.0000016	8.40E-07	0	4.00E-08
3	0	2.00E-06	8.40E-07	0	4.00E-08
3	0	0.0000024	8.40E-07	0	4.00E-08
3	0	2.80E-06	8.40E-07	0	4.00E-08
3	0	0.0000032	8.40E-07	0	4.00E-08
3	0	3.60E-06	8.40E-07	0	4.00E-08
3	0	0	9.60E-07	0	4.00E-08
3	0	4.00E-07	9.60E-07	0	4.00E-08
3	0	0.0000008	9.60E-07	0	4.00E-08
3	0	1.20E-06	9.60E-07	0	4.00E-08
3	0	0.0000016	9.60E-07	0	4.00E-08
3	0	2.00E-06	9.60E-07	0	4.00E-08
3	0	0.0000024	9.60E-07	0	4.00E-08
3	0	2.80E-06	9.60E-07	0	4.00E-08
3	0	0.0000032	9.60E-07	0	4.00E-08
3	0	3.60E-06	9.60E-07	0	4.00E-08
3	0	0	1.08E-06	0	4.00E-08
3	0	4.00E-07	1.08E-06	0	4.00E-08
3	0	0.0000008	1.08E-06	0	4.00E-08
3	0	1.20E-06	1.08E-06	0	4.00E-08
3	0	0.0000016	1.08E-06	0	4.00E-08
3	0	2.00E-06	1.08E-06	0	4.00E-08
3	0	0.0000024	1.08E-06	0	4.00E-08
3	0	2.80E-06	1.08E-06	0	4.00E-08
3	0	0.0000032	1.08E-06	0	4.00E-08
3	0	3.60E-06	1.08E-06	0	4.00E-08


18	0	0	0	-120e-9	20e-9

11	0	-110e-9	-110e-9	0	50e-9
11	0	0	-110e-9	0	50e-9
11	0	110e-9	-110e-9	0	50e-9
11	0	-110e-9	0	0	50e-9
11	0	0	0	0	50e-9
11	0	110e-9	0	0	50e-9
11	0	-110e-9	110e-9	0	50e-9
11	0	0	110e-9	0	50e-9
11	0	110e-9	110e-9	0	50e-9

8	0	0	0	0	50e-9
8	0	0	0	0	50e-9









3	0	3.353520E-07	2.324220E-08	0	3.055235E-08
3	0	1.500780E-06	2.324220E-08	0	1.192150E-08
3	0	1.543950E-07	4.316410E-08	0	1.969180E-08
3	0	1.446000E-06	1.095700E-07	0	4.209685E-08
3	0	1.271680E-06	9.130860E-08	0	2.592320E-08
3	0	1.175390E-06	1.162110E-07	0	3.890170E-08
3	0	8.898440E-07	1.245120E-07	0	1.021755E-08
3	0	1.057520E-06	1.809570E-07	0	3.551840E-08
3	0	6.208980E-07	1.859380E-07	0	2.772210E-08
3	0	8.151370E-07	2.125000E-07	0	3.937245E-08
3	0	4.681640E-07	2.141600E-07	0	2.194625E-08
3	0	2.789060E-07	2.672850E-07	0	4.661620E-08
3	0	5.395510E-07	2.755860E-07	0	4.087025E-08
3	0	1.675100E-06	2.440430E-07	0	6.688950E-09
3	0	1.467580E-06	3.370120E-07	0	4.282005E-08
3	0	1.565530E-06	3.602540E-07	0	3.052365E-08
3	0	1.331450E-06	3.486330E-07	0	5.923850E-09
3	0	6.474610E-08	3.569340E-07	0	8.111550E-09
3	0	1.157130E-06	3.635740E-07	0	1.314640E-08
3	0	1.231840E-06	4.050780E-07	0	4.016660E-08
3	0	9.628910E-07	4.333010E-07	0	3.952810E-08
3	0	1.153810E-06	4.266600E-07	0	3.092340E-08
3	0	7.869140E-07	4.764650E-07	0	4.252195E-08
3	0	5.544920E-07	4.714840E-07	0	2.612545E-08
3	0	6.308590E-07	5.129880E-07	0	3.631230E-08
3	0	4.449220E-07	5.395510E-07	0	4.006820E-08
3	0	3.104490E-07	5.793950E-07	0	3.902555E-08
3	0	1.605370E-06	5.694340E-07	0	1.504470E-08
3	0	1.485840E-06	5.727540E-07	0	1.752300E-08
3	0	1.560550E-07	5.993160E-07	0	3.825360E-08
3	0	5.976560E-08	6.059570E-07	0	3.514595E-08
3	0	1.552250E-06	6.159180E-07	0	3.898055E-08
3	0	1.366310E-06	6.341800E-07	0	4.188795E-08
3	0	1.243460E-06	6.308590E-07	0	1.801670E-08
3	0	1.110640E-06	6.491210E-07	0	3.327390E-08
3	0	1.024320E-06	7.337890E-07	0	4.409190E-08
3	0	6.275390E-07	7.337890E-07	0	3.148570E-08
3	0	8.466800E-07	7.537110E-07	0	3.492060E-08
3	0	5.478520E-07	7.636720E-07	0	3.487030E-08
3	0	7.437500E-07	7.653320E-07	0	3.480735E-08
3	0	2.091800E-07	8.250980E-07	0	3.832230E-08
3	0	3.403320E-07	8.383790E-07	0	3.974945E-08
3	0	1.651860E-06	8.184570E-07	0	1.489820E-08
3	0	1.545610E-06	8.616210E-07	0	4.131860E-08
3	0	8.798830E-08	8.350590E-07	0	3.627600E-09
3	0	1.367970E-06	9.081050E-07	0	3.959465E-08
3	0	1.437700E-06	8.948240E-07	0	1.253145E-08
3	0	2.490230E-08	9.164060E-07	0	2.797410E-08
3	0	1.246780E-06	9.379880E-07	0	3.672070E-08
3	0	9.280270E-07	9.628910E-07	0	3.933900E-08
3	0	1.065820E-06	9.562500E-07	0	2.395315E-08
3	0	5.976560E-07	1.007710E-06	0	3.424835E-08
3	0	7.570310E-07	1.029300E-06	0	4.707505E-08
3	0	3.917970E-07	1.094040E-06	0	3.946145E-08
3	0	5.345700E-07	1.082420E-06	0	2.305740E-08
3	0	1.195310E-07	1.108980E-06	0	4.676655E-08
3	0	2.838870E-07	1.113960E-06	0	3.869820E-08
3	0	1.628610E-06	1.143850E-06	0	4.282005E-08
3	0	1.441020E-06	1.145510E-06	0	3.863015E-08
3	0	1.344730E-06	1.167090E-06	0	3.669680E-08
3	0	1.132230E-06	1.230180E-06	0	4.411180E-08
3	0	1.233500E-06	1.218550E-06	0	3.079545E-08
3	0	7.088870E-07	1.268360E-06	0	4.050370E-08
3	0	9.081050E-07	1.289940E-06	0	4.359165E-08
3	0	4.665040E-07	1.298240E-06	0	1.389265E-08
3	0	5.428710E-07	1.362990E-06	0	3.878880E-08
3	0	4.183590E-07	1.369630E-06	0	3.904800E-08
3	0	1.670120E-06	1.384570E-06	0	3.543185E-08
3	0	1.444340E-07	1.391210E-06	0	4.148810E-08
3	0	1.432710E-06	1.409470E-06	0	3.844800E-08
3	0	1.530660E-06	1.407810E-06	0	3.123390E-08
3	0	1.303220E-06	1.436040E-06	0	2.349090E-08
3	0	1.157130E-06	1.472560E-06	0	3.121985E-08
3	0	1.006050E-06	1.510740E-06	0	3.569090E-08
3	0	7.371090E-07	1.538960E-06	0	2.102760E-08
3	0	8.516600E-07	1.562210E-06	0	4.423095E-08
3	0	1.090720E-06	1.532320E-06	0	6.142000E-09
3	0	4.598630E-07	1.562210E-06	0	1.558885E-08
3	0	3.038090E-07	1.633590E-06	0	4.323800E-08
3	0	4.598630E-07	1.650200E-06	0	3.295600E-08
3	0	1.568850E-06	1.673440E-06	0	3.982660E-08
3	0	7.304690E-08	1.665140E-06	0	5.215000E-09




3	0	-1.2E-05	0	0	4.00E-08
3	0	-1.16E-05	0	0	4.00E-08
3	0	-1.12E-05	0	0	4.00E-08
3	0	-1.08E-05	0	0	4.00E-08
3	0	-1.04E-05	0	0	4.00E-08
3	0	-1.00E-05	0	0	4.00E-08
3	0	-9.6E-06	0	0	4.00E-08
3	0	-9.20E-06	0	0	4.00E-08
3	0	-8.8E-06	0	0	4.00E-08
3	0	-8.40E-06	0	0	4.00E-08
3	0	-8E-06	0	0	4.00E-08
3	0	-7.60E-06	0	0	4.00E-08
3	0	-7.2E-06	0	0	4.00E-08
3	0	-6.80E-06	0	0	4.00E-08
3	0	-6.4E-06	0	0	4.00E-08
3	0	-6.00E-06	0	0	4.00E-08
3	0	-5.6E-06	0	0	4.00E-08
3	0	-5.20E-06	0	0	4.00E-08
3	0	-4.8E-06	0	0	4.00E-08
3	0	-4.40E-06	0	0	4.00E-08
3	0	-4E-06	0	0	4.00E-08
3	0	-3.60E-06	0	0	4.00E-08
3	0	-3.2E-06	0	0	4.00E-08
3	0	-2.80E-06	0	0	4.00E-08
3	0	-2.4E-06	0	0	4.00E-08
3	0	-2.00E-06	0	0	4.00E-08
3	0	-1.6E-06	0	0	4.00E-08
3	0	-1.20E-06	0	0	4.00E-08
3	0	-8E-07	0	0	4.00E-08
3	0	-4.00E-07	0	0	4.00E-08
3	0	0	0	0	4.00E-08
3	0	4.00E-07	0	0	4.00E-08
3	0	8E-07	0	0	4.00E-08
3	0	1.20E-06	0	0	4.00E-08
3	0	1.6E-06	0	0	4.00E-08
3	0	2.00E-06	0	0	4.00E-08
3	0	2.4E-06	0	0	4.00E-08
3	0	2.80E-06	0	0	4.00E-08
3	0	3.2E-06	0	0	4.00E-08
3	0	3.60E-06	0	0	4.00E-08
3	0	4E-06	0	0	4.00E-08
3	0	4.40E-06	0	0	4.00E-08
3	0	4.8E-06	0	0	4.00E-08
3	0	5.20E-06	0	0	4.00E-08
3	0	5.6E-06	0	0	4.00E-08
3	0	6.00E-06	0	0	4.00E-08
3	0	6.4E-06	0	0	4.00E-08
3	0	6.80E-06	0	0	4.00E-08
3	0	7.2E-06	0	0	4.00E-08
3	0	7.60E-06	0	0	4.00E-08
3	0	8E-06	0	0	4.00E-08
3	0	8.40E-06	0	0	4.00E-08
3	0	8.8E-06	0	0	4.00E-08
3	0	9.20E-06	0	0	4.00E-08
3	0	9.6E-06	0	0	4.00E-08
3	0	1.00E-05	0	0	4.00E-08
3	0	1.04E-05	0	0	4.00E-08
3	0	1.08E-05	0	0	4.00E-08
3	0	1.12E-05	0	0	4.00E-08
3	0	1.16E-05	0	0	4.00E-08
3	0	1.2E-05	0	0	4.00E-08





3	0	-1200e-9	0	-121e-9	40e-9
3	0	-900e-9	0	-121e-9	40e-9
3	0	-600e-9	0	-121e-9	40e-9
3	0	-300e-9	0	-121e-9	40e-9
c
3	0	300e-9	0	-121e-9	40e-9
3	0	600e-9	0	-121e-9	40e-9
3	0	900e-9	0	-121e-9	40e-9
3	0	1200e-9	0	-121e-9	40e-9
3	0	1500e-9	0	-121e-9	40e-9

8	0	-55e-9	0	0	50e-9
8	0	55e-9	0	0	50e-9

11	0	-140e-9	-110e-9	0	50e-9
11	0	0	-110e-9	0	50e-9
11	0	140e-9	-110e-9	0	50e-9
11	0	-110e-9	0	0	50e-9
11	0	0	0	0	50e-9
11	0	110e-9	0	0	50e-9
11	0	-140e-9	110e-9	0	50e-9
11	0	0	110e-9	0	50e-9
11	0	140e-9	110e-9	0	50e-9

9	0	-51e-9	0	0	50e-9
9	0	51e-9	0	0	50e-9

3	0	0	0	-40e-9	40e-9
3	0	0	-300e-9	-40e-9	40e-9
3	0	0	300e-9	-40e-9	40e-9
3	0	0	-600e-9	-40e-9	40e-9
3	0	0	600e-9	-40e-9	40e-9

11	0	-110e-9	-110e-9	0	50e-9
11	0	0	-110e-9	0	50e-9
11	0	110e-9	-110e-9	0	50e-9
11	0	-110e-9	0	0	50e-9
11	0	0	0	0	50e-9
11	0	110e-9	0	0	50e-9
11	0	-110e-9	110e-9	0	50e-9
11	0	0	110e-9	0	50e-9
11	0	110e-9	110e-9	0	50e-9
11	0	-610e-9	-110e-9	0	50e-9
11	0	-500e-9	-110e-9	0	50e-9
11	0	-390e-9	-110e-9	0	50e-9
11	0	-610e-9	0	0	50e-9
11	0	-500e-9	0	0	50e-9
11	0	-390e-9	0	0	50e-9
11	0	-610e-9	110e-9	0	50e-9
11	0	-500e-9	110e-9	0	50e-9
11	0	-390e-9	110e-9	0	50e-9
11	0	610e-9	-110e-9	0	50e-9
11	0	500e-9	-110e-9	0	50e-9
11	0	390e-9	-110e-9	0	50e-9
11	0	610e-9	0	0	50e-9
11	0	500e-9	0	0	50e-9
11	0	390e-9	0	0	50e-9
11	0	610e-9	110e-9	0	50e-9
11	0	500e-9	110e-9	0	50e-9
11	0	390e-9	110e-9	0	50e-9
11	0	-1110e-9	-110e-9	0	50e-9
11	0	-1000e-9	-110e-9	0	50e-9
11	0	-890e-9	-110e-9	0	50e-9
11	0	-1110e-9	0	0	50e-9
11	0	-1000e-9	0	0	50e-9
11	0	-890e-9	0	0	50e-9
11	0	-1110e-9	110e-9	0	50e-9
11	0	-1000e-9	110e-9	0	50e-9
11	0	-890e-9	110e-9	0	50e-9
11	0	1110e-9	-110e-9	0	50e-9
11	0	1000e-9	-110e-9	0	50e-9
11	0	890e-9	-110e-9	0	50e-9
11	0	1110e-9	0	0	50e-9
11	0	1000e-9	0	0	50e-9
11	0	890e-9	0	0	50e-9
11	0	1110e-9	110e-9	0	50e-9
11	0	1000e-9	110e-9	0	50e-9
11	0	890e-9	110e-9	0	50e-9
11	0	-1610e-9	-110e-9	0	50e-9
11	0	-1500e-9	-110e-9	0	50e-9
11	0	-1390e-9	-110e-9	0	50e-9
11	0	-1610e-9	0	0	50e-9
11	0	-1500e-9	0	0	50e-9
11	0	-1390e-9	0	0	50e-9
11	0	-1610e-9	110e-9	0	50e-9
11	0	-1500e-9	110e-9	0	50e-9
11	0	-1390e-9	110e-9	0	50e-9
11	0	1610e-9	-110e-9	0	50e-9
11	0	1500e-9	-110e-9	0	50e-9
11	0	1390e-9	-110e-9	0	50e-9
11	0	1610e-9	0	0	50e-9
11	0	1500e-9	0	0	50e-9
11	0	1390e-9	0	0	50e-9
11	0	1610e-9	110e-9	0	50e-9
11	0	1500e-9	110e-9	0	50e-9
11	0	1390e-9	110e-9	0	50e-9

11	0	-110e-9	-110e-9	0	50e-9
11	0	0	-110e-9	0	50e-9
11	0	110e-9	-110e-9	0	50e-9
11	0	-110e-9	0	0	50e-9
11	0	0	0	0	50e-9
11	0	110e-9	0	0	50e-9
11	0	-110e-9	110e-9	0	50e-9
11	0	0	110e-9	0	50e-9
11	0	110e-9	110e-9	0	50e-9
11	0	-610e-9	-110e-9	0	50e-9
11	0	-500e-9	-110e-9	0	50e-9
11	0	-390e-9	-110e-9	0	50e-9
11	0	-610e-9	0	0	50e-9
11	0	-500e-9	0	0	50e-9
11	0	-390e-9	0	0	50e-9
11	0	-610e-9	110e-9	0	50e-9
11	0	-500e-9	110e-9	0	50e-9
11	0	-390e-9	110e-9	0	50e-9
11	0	610e-9	-110e-9	0	50e-9
11	0	500e-9	-110e-9	0	50e-9
11	0	390e-9	-110e-9	0	50e-9
11	0	610e-9	0	0	50e-9
11	0	500e-9	0	0	50e-9
11	0	390e-9	0	0	50e-9
11	0	610e-9	110e-9	0	50e-9
11	0	500e-9	110e-9	0	50e-9
11	0	390e-9	110e-9	0	50e-9
11	0	-1110e-9	-110e-9	0	50e-9
11	0	-1000e-9	-110e-9	0	50e-9
11	0	-890e-9	-110e-9	0	50e-9
11	0	-1110e-9	0	0	50e-9
11	0	-1000e-9	0	0	50e-9
11	0	-890e-9	0	0	50e-9
11	0	-1110e-9	110e-9	0	50e-9
11	0	-1000e-9	110e-9	0	50e-9
11	0	-890e-9	110e-9	0	50e-9
11	0	1110e-9	-110e-9	0	50e-9
11	0	1000e-9	-110e-9	0	50e-9
11	0	890e-9	-110e-9	0	50e-9
11	0	1110e-9	0	0	50e-9
11	0	1000e-9	0	0	50e-9
11	0	890e-9	0	0	50e-9
11	0	1110e-9	110e-9	0	50e-9
11	0	1000e-9	110e-9	0	50e-9
11	0	890e-9	110e-9	0	50e-9
11	0	-1610e-9	-110e-9	0	50e-9
11	0	-1500e-9	-110e-9	0	50e-9
11	0	-1390e-9	-110e-9	0	50e-9
11	0	-1610e-9	0	0	50e-9
11	0	-1500e-9	0	0	50e-9
11	0	-1390e-9	0	0	50e-9
11	0	-1610e-9	110e-9	0	50e-9
11	0	-1500e-9	110e-9	0	50e-9
11	0	-1390e-9	110e-9	0	50e-9
11	0	1610e-9	-110e-9	0	50e-9
11	0	1500e-9	-110e-9	0	50e-9
11	0	1390e-9	-110e-9	0	50e-9
11	0	1610e-9	0	0	50e-9
11	0	1500e-9	0	0	50e-9
11	0	1390e-9	0	0	50e-9
11	0	1610e-9	110e-9	0	50e-9
11	0	1500e-9	110e-9	0	50e-9
11	0	1390e-9	110e-9	0	50e-9

11	0	-110e-9	-510e-9	0	50e-9
11	0	0	-510e-9	0	50e-9
11	0	110e-9	-510e-9	0	50e-9
11	0	-110e-9	-400e-9	0	50e-9
11	0	0	-400e-9	0	50e-9
11	0	110e-9	-400e-9	0	50e-9
11	0	-110e-9	-290e-9	0	50e-9
11	0	0	-290e-9	0	50e-9
11	0	110e-9	-290e-9	0	50e-9
11	0	-510e-9	-510e-9	0	50e-9
11	0	-400e-9	-510e-9	0	50e-9
11	0	-290e-9	-510e-9	0	50e-9
11	0	-510e-9	-400e-9	0	50e-9
11	0	-400e-9	-400e-9	0	50e-9
11	0	-290e-9	-400e-9	0	50e-9
11	0	-510e-9	-290e-9	0	50e-9
11	0	-400e-9	-290e-9	0	50e-9
11	0	-290e-9	-290e-9	0	50e-9
11	0	510e-9	-510e-9	0	50e-9
11	0	400e-9	-510e-9	0	50e-9
11	0	290e-9	-510e-9	0	50e-9
11	0	510e-9	-400e-9	0	50e-9
11	0	400e-9	-400e-9	0	50e-9
11	0	290e-9	-400e-9	0	50e-9
11	0	510e-9	-290e-9	0	50e-9
11	0	400e-9	-290e-9	0	50e-9
11	0	290e-9	-290e-9	0	50e-9
11	0	-110e-9	510e-9	0	50e-9
11	0	0	510e-9	0	50e-9
11	0	110e-9	510e-9	0	50e-9
11	0	-110e-9	400e-9	0	50e-9
11	0	0	400e-9	0	50e-9
11	0	110e-9	400e-9	0	50e-9
11	0	-110e-9	290e-9	0	50e-9
11	0	0	290e-9	0	50e-9
11	0	110e-9	290e-9	0	50e-9
11	0	-510e-9	510e-9	0	50e-9
11	0	-400e-9	510e-9	0	50e-9
11	0	-290e-9	510e-9	0	50e-9
11	0	-510e-9	400e-9	0	50e-9
11	0	-400e-9	400e-9	0	50e-9
11	0	-290e-9	400e-9	0	50e-9
11	0	-510e-9	290e-9	0	50e-9
11	0	-400e-9	290e-9	0	50e-9
11	0	-290e-9	290e-9	0	50e-9
11	0	510e-9	510e-9	0	50e-9
11	0	400e-9	510e-9	0	50e-9
11	0	290e-9	510e-9	0	50e-9
11	0	510e-9	400e-9	0	50e-9
11	0	400e-9	400e-9	0	50e-9
11	0	290e-9	400e-9	0	50e-9
11	0	510e-9	290e-9	0	50e-9
11	0	400e-9	290e-9	0	50e-9
11	0	290e-9	290e-9	0	50e-9

2	0	0	0	0	500e-9

11	0	-110e-9	-110e-9	0	50e-9
11	0	0	-110e-9	0	50e-9
11	0	110e-9	-110e-9	0	50e-9
11	0	-110e-9	0	0	50e-9
11	0	0	0	0	50e-9
11	0	110e-9	0	0	50e-9
11	0	-110e-9	110e-9	0	50e-9
11	0	0	110e-9	0	50e-9
11	0	110e-9	110e-9	0	50e-9
11	0	-110e-9	-710e-9	0	50e-9
11	0	0	-710e-9	0	50e-9
11	0	110e-9	-710e-9	0	50e-9
11	0	-110e-9	-600e-9	0	50e-9
11	0	0	-600e-9	0	50e-9
11	0	110e-9	-600e-9	0	50e-9
11	0	-110e-9	-490e-9	0	50e-9
11	0	0	-490e-9	0	50e-9
11	0	110e-9	-490e-9	0	50e-9
11	0	-110e-9	710e-9	0	50e-9
11	0	0	710e-9	0	50e-9
11	0	110e-9	710e-9	0	50e-9
11	0	-110e-9	600e-9	0	50e-9
11	0	0	600e-9	0	50e-9
11	0	110e-9	600e-9	0	50e-9
11	0	-110e-9	490e-9	0	50e-9
11	0	0	490e-9	0	50e-9
11	0	110e-9	490e-9	0	50e-9
11	0	-110e-9	-1310e-9	0	50e-9
11	0	0	-1310e-9	0	50e-9
11	0	110e-9	-1310e-9	0	50e-9
11	0	-110e-9	-1200e-9	0	50e-9
11	0	0	-1200e-9	0	50e-9
11	0	110e-9	-1200e-9	0	50e-9
11	0	-110e-9	-1090e-9	0	50e-9
11	0	0	-1090e-9	0	50e-9
11	0	110e-9	-1090e-9	0	50e-9
11	0	-110e-9	1310e-9	0	50e-9
11	0	0	1310e-9	0	50e-9
11	0	110e-9	1310e-9	0	50e-9
11	0	-110e-9	1200e-9	0	50e-9
11	0	0	1200e-9	0	50e-9
11	0	110e-9	1200e-9	0	50e-9
11	0	-110e-9	1090e-9	0	50e-9
11	0	0	1090e-9	0	50e-9
11	0	110e-9	1090e-9	0	50e-9
11	0	-110e-9	-1910e-9	0	50e-9
11	0	0	-1910e-9	0	50e-9
11	0	110e-9	-1910e-9	0	50e-9
11	0	-110e-9	-1800e-9	0	50e-9
11	0	0	-1800e-9	0	50e-9
11	0	110e-9	-1800e-9	0	50e-9
11	0	-110e-9	-1690e-9	0	50e-9
11	0	0	-1690e-9	0	50e-9
11	0	110e-9	-1690e-9	0	50e-9
11	0	-110e-9	1910e-9	0	50e-9
11	0	0	1910e-9	0	50e-9
11	0	110e-9	1910e-9	0	50e-9
11	0	-110e-9	1800e-9	0	50e-9
11	0	0	1800e-9	0	50e-9
11	0	110e-9	1800e-9	0	50e-9
11	0	-110e-9	1690e-9	0	50e-9
11	0	0	1690e-9	0	50e-9
11	0	110e-9	1690e-9	0	50e-9


3	0	0	0	0	10e-9
3	0	-30e-9	0	0	10e-9
3	0	30e-9	0	0	10e-9
3	0	60e-9	0	0	10e-9
3	0	-60e-9	0	0	10e-9
3	0	90e-9	0	0	10e-9
3	0	-90e-9	0	0	10e-9
3	0	140e-9	0	0	10e-9
3	0	-140e-9	0	0	10e-9
3	0	150e-9	0	0	10e-9
3	0	-150e-9	0	0	10e-9
3	0	180e-9	0	0	10e-9
3	0	-180e-9	0	0	10e-9
3	0	210e-9	0	0	10e-9
3	0	-210e-9	0	0	10e-9
3	0	240e-9	0	0	10e-9
3	0	-240e-9	0	0	10e-9
3	0	270e-9	0	0	10e-9
3	0	-270e-9	0	0	10e-9
3	0	300e-9	0	0	10e-9
3	0	-300e-9	0	0	10e-9
3	0	330e-9	0	0	10e-9
3	0	-330e-9	0	0	10e-9
3	0	360e-9	0	0	10e-9
3	0	-360e-9	0	0	10e-9
3	0	390e-9	0	0	10e-9
3	0	-390e-9	0	0	10e-9
3	0	440e-9	0	0	10e-9
3	0	-440e-9	0	0	10e-9
3	0	450e-9	0	0	10e-9
3	0	-450e-9	0	0	10e-9
3	0	480e-9	0	0	10e-9
3	0	-480e-9	0	0	10e-9
3	0	510e-9	0	0	10e-9
3	0	-510e-9	0	0	10e-9
3	0	540e-9	0	0	10e-9
3	0	-540e-9	0	0	10e-9
3	0	570e-9	0	0	10e-9
3	0	-570e-9	0	0	10e-9
3	0	600e-9	0	0	10e-9
3	0	-600e-9	0	0	10e-9
3	0	630e-9	0	0	10e-9
3	0	-630e-9	0	0	10e-9
3	0	660e-9	0	0	10e-9
3	0	-660e-9	0	0	10e-9
3	0	690e-9	0	0	10e-9
3	0	-690e-9	0	0	10e-9
3	0	740e-9	0	0	10e-9
3	0	-740e-9	0	0	10e-9
3	0	750e-9	0	0	10e-9
3	0	-750e-9	0	0	10e-9
3	0	780e-9	0	0	10e-9
3	0	-780e-9	0	0	10e-9
3	0	810e-9	0	0	10e-9
3	0	-810e-9	0	0	10e-9
3	0	840e-9	0	0	10e-9
3	0	-840e-9	0	0	10e-9
3	0	870e-9	0	0	10e-9
3	0	-870e-9	0	0	10e-9
3	0	900e-9	0	0	10e-9
3	0	-900e-9	0	0	10e-9
3	0	930e-9	0	0	10e-9
3	0	-930e-9	0	0	10e-9
3	0	960e-9	0	0	10e-9
3	0	-960e-9	0	0	10e-9
3	0	990e-9	0	0	10e-9
3	0	-990e-9	0	0	10e-9
3	0	1040e-9	0	0	10e-9
3	0	-1040e-9	0	0	10e-9
3	0	1050e-9	0	0	10e-9
3	0	-1050e-9	0	0	10e-9


3	0	0	0	0	10e-9

11	0	-110e-9	-110e-9	0	50e-9
11	0	0	-110e-9	0	50e-9
11	0	110e-9	-110e-9	0	50e-9
11	0	-110e-9	0	0	50e-9
11	0	0	0	0	50e-9
11	0	110e-9	0	0	50e-9
11	0	-110e-9	110e-9	0	50e-9
11	0	0	110e-9	0	50e-9
11	0	110e-9	110e-9	0	50e-9

3	0	0	0	0	40e-9
3	0	-30e-9	0	0	10e-9
3	0	30e-9	0	0	10e-9
3	0	60e-9	0	0	10e-9
3	0	-60e-9	0	0	10e-9
3	0	90e-9	0	0	10e-9
3	0	-90e-9	0	0	10e-9
3	0	140e-9	0	0	10e-9
3	0	-140e-9	0	0	10e-9
3	0	150e-9	0	0	10e-9
3	0	-150e-9	0	0	10e-9
3	0	180e-9	0	0	10e-9
3	0	-180e-9	0	0	10e-9
3	0	210e-9	0	0	10e-9
3	0	-210e-9	0	0	10e-9
3	0	240e-9	0	0	10e-9
3	0	-240e-9	0	0	10e-9
3	0	270e-9	0	0	10e-9
3	0	-270e-9	0	0	10e-9
3	0	300e-9	0	0	10e-9
3	0	-300e-9	0	0	10e-9
3	0	330e-9	0	0	10e-9
3	0	-330e-9	0	0	10e-9
3	0	360e-9	0	0	10e-9
3	0	-360e-9	0	0	10e-9
3	0	390e-9	0	0	10e-9
3	0	-390e-9	0	0	10e-9
3	0	440e-9	0	0	10e-9
3	0	-440e-9	0	0	10e-9
3	0	450e-9	0	0	10e-9
3	0	-450e-9	0	0	10e-9
3	0	480e-9	0	0	10e-9
3	0	-480e-9	0	0	10e-9
3	0	510e-9	0	0	10e-9
3	0	-510e-9	0	0	10e-9
3	0	540e-9	0	0	10e-9
3	0	-540e-9	0	0	10e-9
3	0	570e-9	0	0	10e-9
3	0	-570e-9	0	0	10e-9
3	0	600e-9	0	0	10e-9
3	0	-600e-9	0	0	10e-9

11	0	-170e-9	-170e-9	0	80e-9
11	0	0	-170e-9	0	80e-9
11	0	170e-9	-170e-9	0	80e-9
11	0	-170e-9	0	0	80e-9
11	0	0	0	0	80e-9
11	0	170e-9	0	0	80e-9
11	0	-170e-9	170e-9	0	80e-9
11	0	0	170e-9	0	80e-9
11	0	170e-9	170e-9	0	80e-9



11	0	-210e-9	-240e-9	0	45e-9
11	0	-110e-9	-240e-9	0	45e-9
11	0	110e-9	-240e-9	0	45e-9
11	0	210e-9	-240e-9	0	45e-9
11	0	-110e-9	-110e-9	0	50e-9
11	0	0	-110e-9	0	50e-9
11	0	110e-9	-110e-9	0	50e-9
11	0	-240e-9	0	0	50e-9
11	0	-110e-9	0	0	50e-9
11	0	0	0	0	50e-9
11	0	110e-9	0	0	50e-9
11	0	240e-9	0	0	50e-9
11	0	-110e-9	110e-9	0	50e-9
11	0	0	110e-9	0	50e-9
11	0	110e-9	110e-9	0	50e-9
11	0	-210e-9	240e-9	0	45e-9
11	0	-110e-9	240e-9	0	45e-9
11	0	110e-9	240e-9	0	45e-9
11	0	210e-9	240e-9	0	45e-9

11	0	-110e-9	-110e-9	0	50e-9
11	0	0	-110e-9	0	50e-9
11	0	110e-9	-110e-9	0	50e-9
11	0	-240e-9	0	0	50e-9
11	0	-110e-9	0	0	50e-9
11	0	0	0	0	50e-9
11	0	110e-9	0	0	50e-9
11	0	240e-9	0	0	50e-9
11	0	-110e-9	110e-9	0	50e-9
11	0	0	110e-9	0	50e-9
11	0	110e-9	110e-9	0	50e-9

11	0	-240e-9	-110e-9	0	50e-9
11	0	-110e-9	-110e-9	0	50e-9
11	0	0	-110e-9	0	50e-9
11	0	110e-9	-110e-9	0	50e-9
11	0	240e-9	-110e-9	0	50e-9
11	0	-240e-9	0	0	50e-9
11	0	-110e-9	0	0	50e-9
11	0	0	0	0	50e-9
11	0	110e-9	0	0	50e-9
11	0	240e-9	0	0	50e-9
11	0	-240e-9	110e-9	0	50e-9
11	0	-110e-9	110e-9	0	50e-9
11	0	0	110e-9	0	50e-9
11	0	110e-9	110e-9	0	50e-9
11	0	240e-9	110e-9	0	50e-9



11	0	-240e-9	-110e-9	0	50e-9
11	0	-110e-9	-110e-9	0	50e-9
11	0	0	-110e-9	0	50e-9
11	0	110e-9	-110e-9	0	50e-9
11	0	240e-9	-110e-9	0	50e-9
11	0	-240e-9	0	0	50e-9
11	0	-110e-9	0	0	50e-9
11	0	0	0	0	50e-9
11	0	110e-9	0	0	50e-9
11	0	240e-9	0	0	50e-9
11	0	-240e-9	110e-9	0	50e-9
11	0	-110e-9	110e-9	0	50e-9
11	0	0	110e-9	0	50e-9
11	0	110e-9	110e-9	0	50e-9
11	0	240e-9	110e-9	0	50e-9


11	0	0	0	0	50e-9
11	0	110e-9	0	0	50e-9
11	0	55e-9	95.2628e-9	0	50e-9
11	0	-55e-9	95.2628e-9	0	50e-9
11	0	-110e-9	0	0	50e-9
11	0	-55e-9	-95.2628e-9	0	50e-9
11	0	55e-9	-95.2628e-9	0	50e-9

3	0	-25e-9	0	0	40e-9
3	0	25e-9	0	0	40e-9

11	0	-110e-9	-110e-9	0	50e-9
11	0	0	-110e-9	0	50e-9
11	0	110e-9	-110e-9	0	50e-9
11	0	-110e-9	0	0	50e-9
11	0	0	0	0	50e-9
11	0	110e-9	0	0	50e-9
11	0	-110e-9	110e-9	0	50e-9
11	0	0	110e-9	0	50e-9
11	0	110e-9	110e-9	0	50e-9

3	0	0	0	0	10e-9
3	0	-30e-9	0	0	10e-9
3	0	30e-9	0	0	10e-9
3	0	60e-9	0	0	10e-9
3	0	-60e-9	0	0	10e-9
3	0	90e-9	0	0	10e-9
3	0	-90e-9	0	0	10e-9
3	0	140e-9	0	0	10e-9
3	0	-140e-9	0	0	10e-9
3	0	150e-9	0	0	10e-9
3	0	-150e-9	0	0	10e-9
3	0	180e-9	0	0	10e-9
3	0	-180e-9	0	0	10e-9
3	0	210e-9	0	0	10e-9
3	0	-210e-9	0	0	10e-9
3	0	240e-9	0	0	10e-9
3	0	-240e-9	0	0	10e-9
3	0	270e-9	0	0	10e-9
3	0	-270e-9	0	0	10e-9
3	0	300e-9	0	0	10e-9
3	0	-300e-9	0	0	10e-9
3	0	330e-9	0	0	10e-9
3	0	-330e-9	0	0	10e-9
3	0	360e-9	0	0	10e-9
3	0	-360e-9	0	0	10e-9
3	0	390e-9	0	0	10e-9
3	0	-390e-9	0	0	10e-9
3	0	440e-9	0	0	10e-9
3	0	-440e-9	0	0	10e-9
3	0	450e-9	0	0	10e-9
3	0	-450e-9	0	0	10e-9
3	0	480e-9	0	0	10e-9
3	0	-480e-9	0	0	10e-9
3	0	510e-9	0	0	10e-9
3	0	-510e-9	0	0	10e-9
3	0	540e-9	0	0	10e-9
3	0	-540e-9	0	0	10e-9
3	0	570e-9	0	0	10e-9
3	0	-570e-9	0	0	10e-9
3	0	600e-9	0	0	10e-9
3	0	-600e-9	0	0	10e-9

11	0	-110e-9	-110e-9	0	50e-9
11	0	0	-110e-9	0	50e-9
11	0	110e-9	-110e-9	0	50e-9
11	0	-110e-9	0	0	50e-9
11	0	0	0	0	50e-9
11	0	110e-9	0	0	50e-9
11	0	-110e-9	110e-9	0	50e-9
11	0	0	110e-9	0	50e-9
11	0	110e-9	110e-9	0	50e-9



11	0	-110e-9	-110e-9	0	50e-9
11	0	0	-110e-9	0	50e-9
11	0	110e-9	-110e-9	0	50e-9
11	0	-240e-9	0	0	50e-9
11	0	-110e-9	0	0	50e-9
11	0	0	0	0	50e-9
11	0	110e-9	0	0	50e-9
11	0	240e-9	0	0	50e-9
11	0	-110e-9	110e-9	0	50e-9
11	0	0	110e-9	0	50e-9
11	0	110e-9	110e-9	0	50e-9



11	0	-110e-9	-110e-9	0	50e-9
11	0	0	-110e-9	0	50e-9
11	0	110e-9	-110e-9	0	50e-9
11	0	-110e-9	0	0	50e-9
11	0	0	0	0	50e-9
11	0	110e-9	0	0	50e-9
11	0	-110e-9	110e-9	0	50e-9
11	0	0	110e-9	0	50e-9
11	0	110e-9	110e-9	0	50e-9

11	0	70e-9	0	0	40e-9
11	0	49.4975e-9	49.4975e-9	0	40e-9
11	0	0	70e-9	0	40e-9
11	0	-49.4975e-9	49.4975e-9	0	40e-9
11	0	-70e-9	0	0	40e-9
11	0	-49.4975e-9	-49.4975e-9	0	40e-9
11	0	0	-70e-9	0	40e-9
11	0	49.4975e-9	-49.4975e-9	0	40e-9

11	0	-35e-9	60.6217e-9	0	40e-9
11	0	-70e-9	0	0	40e-9
11	0	-35e-9	-60.6217e-9	0	40e-9
11	0	35e-9	-60.6217e-9	0	40e-9


2	0	0	0	0	1e-6
2	0	0	10e-6	0	1e-6




11	0	-110e-9	-110e-9	0	50e-9
11	0	0	-110e-9	0	50e-9
11	0	110e-9	-110e-9	0	50e-9
11	0	-110e-9	0	0	50e-9
11	0	0	0	0	50e-9
11	0	110e-9	0	0	50e-9
11	0	-110e-9	110e-9	0	50e-9
11	0	0	110e-9	0	50e-9
11	0	110e-9	110e-9	0	50e-9

11	0	-140e-9	-110e-9	0	50e-9
11	0	0	-110e-9	0	50e-9
11	0	140e-9	-110e-9	0	50e-9
11	0	-110e-9	0	0	50e-9
11	0	0	0	0	50e-9
11	0	110e-9	0	0	50e-9
11	0	-140e-9	110e-9	0	50e-9
11	0	0	110e-9	0	50e-9
11	0	140e-9	110e-9	0	50e-9

3	0	0	0	0	40e-9
3	0	50e-9	0	0	40e-9
3	0	100e-9	0	0	40e-9
3	0	-100e-9	0	0	40e-9
3	0	-50e-9	0	0	40e-9



11	0	-110e-9	-110e-9	0	50e-9
11	0	0	-110e-9	0	50e-9
11	0	110e-9	-110e-9	0	50e-9
11	0	-110e-9	0	0	50e-9
11	0	0	0	0	50e-9
11	0	110e-9	0	0	50e-9
11	0	-110e-9	110e-9	0	50e-9
11	0	0	110e-9	0	50e-9
11	0	110e-9	110e-9	0	50e-9

11	1	-110e-9	-110e-9	0	12.5e-9	50e-9
11	1	0	-110e-9	0	12.5e-9	50e-9
11	1	110e-9	-110e-9	0	12.5e-9	50e-9
11	1	-110e-9	0	0	12.5e-9	50e-9
11	1	0	0	0	12.5e-9	50e-9
11	1	110e-9	0	0	12.5e-9	50e-9
11	1	-110e-9	110e-9	0	12.5e-9	50e-9
11	1	0	110e-9	0	12.5e-9	50e-9
11	1	110e-9	110e-9	0	12.5e-9	50e-9



3	0	-35e-9	0	0	30e-9
3	0	35e-9	0	0	30e-9

11	0	-110e-9	-110e-9	0	50e-9
11	0	0	-110e-9	0	50e-9
11	0	110e-9	-110e-9	0	50e-9
11	0	-110e-9	0	0	50e-9
11	0	0	0	0	50e-9
11	0	110e-9	0	0	50e-9
11	0	-110e-9	110e-9	0	50e-9
11	0	0	110e-9	0	50e-9
11	0	110e-9	110e-9	0	50e-9

11	0	0	0	0	50e-9
3	0	-35e-9	0	0	30e-9
3	0	35e-9	0	0	30e-9

11	0	0	-110e-9	0	50e-9
11	0	110e-9	-110e-9	0	50e-9
11	0	-110e-9	0	0	50e-9
11	0	0	0	0	50e-9
11	0	110e-9	0	0	50e-9
11	0	-110e-9	110e-9	0	50e-9
11	0	0	110e-9	0	50e-9
11	0	110e-9	110e-9	0	50e-9


3	0	-70e-9	-70e-9	0	30e-9
3	0	0	-70e-9	0	30e-9
3	0	70e-9	-70e-9	0	30e-9
3	0	-70e-9	0	0	30e-9
3	0	0	0	0	30e-9
3	0	70e-9	0	0	30e-9
3	0	-70e-9	70e-9	0	30e-9
3	0	0	70e-9	0	30e-9
3	0	70e-9	70e-9	0	30e-9

3	0	0	-30e-9	0	40e-9
3	0	0	30e-9	0	40e-9
3	0	14e-9	0	0	10e-9
3	0	-14e-9	0	0	10e-9


4	0	-110e-9	-110e-9	0	50e-9
4	0	0	-110e-9	0	50e-9
4	0	110e-9	-110e-9	0	50e-9
4	0	-110e-9	0	0	50e-9
4	0	0	0	0	50e-9
4	0	110e-9	0	0	50e-9
4	0	-110e-9	110e-9	0	50e-9
4	0	0	110e-9	0	50e-9
4	0	110e-9	110e-9	0	50e-9

3	0	-12e-9	0	0	10e-9
3	0	12e-9	0	0	10e-9

10	0	-100e-9	-105e-9	0	45e-9
10	0	0	-150e-9	0	45e-9
10	0	100e-9	-150e-9	0	45e-9
10	0	-110e-9	0	0	50e-9
10	0	0	0	0	50e-9
10	0	110e-9	0	0	50e-9
10	0	-100e-9	105e-9	0	45e-9
10	0	0	105e-9	0	45e-9
10	0	100e-9	105e-9	0	45e-9


3	0	-12e-9	0	0	10e-9
3	0	12e-9	0	0	10e-9

10	0	-55e-9	-95.3e-9	0	50e-9
10	0	55e-9	-95.3e-9	0	50e-9
10	0	-110e-9	0	0	50e-9
10	0	0	0	0	50e-9
10	0	110e-9	0	0	50e-9
10	0	-55e-9	95.3e-9	0	50e-9
10	0	55e-9	95.3e-9	0	50e-9

10	0	-90e-9	-90e-9	0	40e-9
10	0	0	-90e-9	0	40e-9
10	0	90e-9	-90e-9	0	40e-9
10	0	-90e-9	0	0	40e-9
10	0	0	0	0	40e-9
10	0	90e-9	0	0	40e-9
10	0	-90e-9	90e-9	0	40e-9
10	0	0	90e-9	0	40e-9
10	0	90e-9	90e-9	0	40e-9


10	0	-55e-9	-110e-9	0	50e-9
10	0	55e-9	-110e-9	0	50e-9
10	0	-56e-9	0	0	50e-9
10	0	56e-9	0	0	50e-9
10	0	-55e-9	110e-9	0	50e-9
10	0	55e-9	110e-9	0	50e-9


4	0	-240e-9	-110e-9	0	50e-9
4	0	-110e-9	-110e-9	0	50e-9
4	0	0	-110e-9	0	50e-9
4	0	110e-9	-110e-9	0	50e-9
4	0	240e-9	-110e-9	0	50e-9
4	0	-240e-9	0	0	50e-9
4	0	-110e-9	0	0	50e-9
4	0	0	0	0	50e-9
4	0	110e-9	0	0	50e-9
4	0	240e-9	0	0	50e-9
4	0	-240e-9	110e-9	0	50e-9
4	0	-110e-9	110e-9	0	50e-9
4	0	0	110e-9	0	50e-9
4	0	110e-9	110e-9	0	50e-9
4	0	240e-9	110e-9	0	50e-9

4	0	-110e-9	-110e-9	0	50e-9
4	0	0	-110e-9	0	50e-9
4	0	110e-9	-110e-9	0	50e-9
4	0	-110e-9	0	0	50e-9
4	0	0	0	0	50e-9
4	0	110e-9	0	0	50e-9
4	0	-110e-9	110e-9	0	50e-9
4	0	0	110e-9	0	50e-9
4	0	110e-9	110e-9	0	50e-9



4	0	-110e-9	-110e-9	0	50e-9
4	0	0	-110e-9	0	50e-9
4	0	110e-9	-110e-9	0	50e-9
4	0	-110e-9	0	0	50e-9
4	0	0	0	0	50e-9
4	0	110e-9	0	0	50e-9
4	0	-110e-9	110e-9	0	50e-9
4	0	0	110e-9	0	50e-9
4	0	110e-9	110e-9	0	50e-9

4	0	-240e-9	-110e-9	0	50e-9
4	0	-110e-9	-110e-9	0	50e-9
4	0	0	-110e-9	0	50e-9
4	0	110e-9	-110e-9	0	50e-9
4	0	240e-9	-110e-9	0	50e-9
4	0	-240e-9	0	0	50e-9
4	0	-110e-9	0	0	50e-9
4	0	0	0	0	50e-9
4	0	110e-9	0	0	50e-9
4	0	240e-9	0	0	50e-9
4	0	-240e-9	110e-9	0	50e-9
4	0	-110e-9	110e-9	0	50e-9
4	0	0	110e-9	0	50e-9
4	0	110e-9	110e-9	0	50e-9
4	0	240e-9	110e-9	0	50e-9

4	0	-240e-9	0	0	50e-9
4	0	-110e-9	0	0	50e-9
4	0	0	0	0	50e-9
4	0	110e-9	0	0	50e-9
4	0	240e-9	0	0	50e-9

4	0	-110e-9	0	0	50e-9
4	0	0	0	0	50e-9
4	0	110e-9	0	0	50e-9

4	0	-110e-9	-110e-9	0	50e-9
4	0	0	-110e-9	0	50e-9
4	0	110e-9	-110e-9	0	50e-9
4	0	-110e-9	0	0	50e-9
4	0	0	0	0	50e-9
4	0	110e-9	0	0	50e-9
4	0	-110e-9	110e-9	0	50e-9
4	0	0	110e-9	0	50e-9
4	0	110e-9	110e-9	0	50e-9

4	0	-240e-9	0	0	50e-9
4	0	-110e-9	0	0	50e-9
4	0	0	0	0	50e-9
4	0	110e-9	0	0	50e-9
4	0	240e-9	0	0	50e-9

4	0	-110e-9	0	0	50e-9
4	0	0	0	0	50e-9
4	0	110e-9	0	0	50e-9

4	0	-110e-9	-110e-9	0	50e-9
4	0	0	-110e-9	0	50e-9
4	0	110e-9	-110e-9	0	50e-9
4	0	-110e-9	0	0	50e-9
4	0	0	0	0	50e-9
4	0	110e-9	0	0	50e-9
4	0	-110e-9	110e-9	0	50e-9
4	0	0	110e-9	0	50e-9
4	0	110e-9	110e-9	0	50e-9

4	0	-240e-9	0	0	50e-9
4	0	-110e-9	0	0	50e-9
4	0	0	0	0	50e-9
4	0	110e-9	0	0	50e-9
4	0	240e-9	0	0	50e-9




10	0	-55e-9	-110e-9	0	50e-9
10	0	55e-9	-110e-9	0	50e-9
10	0	-52.5e-9	0	0	50e-9
10	0	52.5e-9	0	0	50e-9
10	0	-55e-9	110e-9	0	50e-9
10	0	55e-9	110e-9	0	50e-9


10	0	-110e-9	-110e-9	0	50e-9
10	0	0	-110e-9	0	50e-9
10	0	110e-9	-110e-9	0	50e-9
10	0	-110e-9	0	0	50e-9
10	0	0	0	0	50e-9
10	0	110e-9	0	0	50e-9
10	0	-110e-9	110e-9	0	50e-9
10	0	0	110e-9	0	50e-9
10	0	110e-9	110e-9	0	50e-9


10	0	-50.5e-9	49.75e-9	0	49e-9
10	0	53.5e-9	53e-9	0	52e-9	
10	0	-53.25e-9	-53.75e-9	0	53e-9	
10	0	46.25e-9	-47e-9	0	46e-9

10	0	-110e-9	-110e-9	0	50e-9
10	0	0	-110e-9	0	50e-9
10	0	110e-9	-110e-9	0	50e-9
10	0	-110e-9	0	0	50e-9
10	0	0	0	0	50e-9
10	0	110e-9	0	0	50e-9
10	0	-110e-9	110e-9	0	50e-9
10	0	0	110e-9	0	50e-9
10	0	110e-9	110e-9	0	50e-9

10	0	-240e-9	0	0	50e-9
10	0	-110e-9	0	0	50e-9
10	0	0	0	0	50e-9
10	0	110e-9	0	0	50e-9
10	0	240e-9	0	0	50e-9
10	0	-275e-9	-110e-9	0	50e-9
10	0	-165e-9	-110e-9	0	50e-9
10	0	165e-9	-110e-9	0	50e-9
10	0	275e-9	-110e-9	0	50e-9
10	0	-275e-9	110e-9	0	50e-9
10	0	-165e-9	110e-9	0	50e-9
10	0	165e-9	110e-9	0	50e-9
10	0	275e-9	110e-9	0	50e-9

9
10	0	-240e-9	0	0	50e-9
10	0	-110e-9	0	0	50e-9
10	0	0	0	0	50e-9
10	0	110e-9	0	0	50e-9
10	0	240e-9	0	0	50e-9
10	0	-110e-9	-110e-9	0	50e-9
10	0	0	-110e-9	0	50e-9
10	0	110e-9	-110e-9	0	50e-9
10	0	-110e-9	110e-9	0	50e-9
10	0	0	110e-9	0	50e-9
10	0	110e-9	110e-9	0	50e-9
10	0	-210e-9	-215e-9	0	45e-9
10	0	-110e-9	-215e-9	0	45e-9
10	0	110e-9	-215e-9	0	45e-9
10	0	210e-9	-215e-9	0	45e-9
10	0	-210e-9	215e-9	0	45e-9
10	0	-110e-9	215e-9	0	45e-9
10	0	110e-9	215e-9	0	45e-9
10	0	210e-9	215e-9	0	45e-9


7
10	0	-240e-9	0	0	50e-9
10	0	-110e-9	0	0	50e-9
10	0	0	0	0	50e-9
10	0	110e-9	0	0	50e-9
10	0	240e-9	0	0	50e-9
10	0	-275e-9	-110e-9	0	50e-9
10	0	-165e-9	-110e-9	0	50e-9
10	0	165e-9	-110e-9	0	50e-9
10	0	275e-9	-110e-9	0	50e-9
10	0	-275e-9	110e-9	0	50e-9
10	0	-165e-9	110e-9	0	50e-9
10	0	165e-9	110e-9	0	50e-9
10	0	275e-9	110e-9	0	50e-9

r50 g10 5,3,5
10	0	-110e-9	0	0	50e-9
10	0	0	0	0	50e-9
10	0	110e-9	0	0	50e-9
10	0	-240e-9	-110e-9	0	50e-9
10	0	-110e-9	-110e-9	0	50e-9
10	0	0	-110e-9	0	50e-9
10	0	110e-9	-110e-9	0	50e-9
10	0	240e-9	-110e-9	0	50e-9
10	0	-240e-9	110e-9	0	50e-9
10	0	-110e-9	110e-9	0	50e-9
10	0	0	110e-9	0	50e-9
10	0	110e-9	110e-9	0	50e-9
10	0	240e-9	110e-9	0	50e-9

r50 g10 5,4,5
10	0	-165e-9	0	0	50e-9
10	0	-55e-9	0	0	50e-9
10	0	55e-9	0	0	50e-9
10	0	165e-9	0	0	50e-9
10	0	-240e-9	-110e-9	0	50e-9
10	0	-110e-9	-110e-9	0	50e-9
10	0	0	-110e-9	0	50e-9
10	0	110e-9	-110e-9	0	50e-9
10	0	240e-9	-110e-9	0	50e-9
10	0	-240e-9	110e-9	0	50e-9
10	0	-110e-9	110e-9	0	50e-9
10	0	0	110e-9	0	50e-9
10	0	110e-9	110e-9	0	50e-9
10	0	240e-9	110e-9	0	50e-9


r50 g10 4,5,4
10	0	-240e-9	0	0	50e-9
10	0	-110e-9	0	0	50e-9
10	0	0	0	0	50e-9
10	0	110e-9	0	0	50e-9
10	0	240e-9	0	0	50e-9
10	0	-165e-9	-110e-9	0	50e-9
10	0	-55e-9	-110e-9	0	50e-9
10	0	55e-9	-110e-9	0	50e-9
10	0	165e-9	-110e-9	0	50e-9
10	0	-165e-9	110e-9	0	50e-9
10	0	-55e-9	110e-9	0	50e-9
10	0	55e-9	110e-9	0	50e-9
10	0	165e-9	110e-9	0	50e-9

r50 g10 3,5,3
10	0	-240e-9	0	0	50e-9
10	0	-110e-9	0	0	50e-9
10	0	0	0	0	50e-9
10	0	110e-9	0	0	50e-9
10	0	240e-9	0	0	50e-9
10	0	-110e-9	-110e-9	0	50e-9
10	0	0	-110e-9	0	50e-9
10	0	110e-9	-110e-9	0	50e-9
10	0	-110e-9	110e-9	0	50e-9
10	0	0	110e-9	0	50e-9
10	0	110e-9	110e-9	0	50e-9

r50 g10 4,3,5
10	0	-240e-9	0	0	50e-9
10	0	-110e-9	0	0	50e-9
10	0	0	0	0	50e-9
10	0	110e-9	0	0	50e-9
10	0	240e-9	0	0	50e-9
10	0	-110e-9	-110e-9	0	50e-9
10	0	0	-110e-9	0	50e-9
10	0	110e-9	-110e-9	0	50e-9
10	0	-110e-9	110e-9	0	50e-9
10	0	0	110e-9	0	50e-9
10	0	110e-9	110e-9	0	50e-9
10	0	-240e-9	-240e-9	0	50e-9
10	0	-110e-9	-240e-9	0	50e-9
10	0	110e-9	-240e-9	0	50e-9
10	0	240e-9	-240e-9	0	50e-9
10	0	-240e-9	240e-9	0	50e-9
10	0	-110e-9	240e-9	0	50e-9
10	0	110e-9	240e-9	0	50e-9
10	0	240e-9	240e-9	0	50e-9

r50 g10
10	0	-240e-9	0	0	50e-9
10	0	-110e-9	0	0	50e-9
10	0	0	0	0	50e-9
10	0	110e-9	0	0	50e-9
10	0	240e-9	0	0	50e-9
10	0	-240e-9	-110e-9	0	50e-9
10	0	-110e-9	-110e-9	0	50e-9
10	0	0	-110e-9	0	50e-9
10	0	110e-9	-110e-9	0	50e-9
10	0	240e-9	-110e-9	0	50e-9
10	0	-240e-9	110e-9	0	50e-9
10	0	-110e-9	110e-9	0	50e-9
10	0	0	110e-9	0	50e-9
10	0	110e-9	110e-9	0	50e-9
10	0	240e-9	110e-9	0	50e-9
10	0	-240e-9	-240e-9	0	50e-9
10	0	-110e-9	-240e-9	0	50e-9
10	0	0	-240e-9	0	50e-9
10	0	110e-9	-240e-9	0	50e-9
10	0	240e-9	-240e-9	0	50e-9
10	0	-240e-9	240e-9	0	50e-9
10	0	-110e-9	240e-9	0	50e-9
10	0	0	240e-9	0	50e-9
10	0	110e-9	240e-9	0	50e-9
10	0	240e-9	240e-9	0	50e-9



r50 3 4 5
10	0	-240e-9	0	0	50e-9
10	0	-110e-9	0	0	50e-9
10	0	0	0	0	50e-9
10	0	110e-9	0	0	50e-9
10	0	240e-9	0	0	50e-9
10	0	-165e-9	-110e-9	0	50e-9
10	0	-55e-9	-110e-9	0	50e-9
10	0	55e-9	-110e-9	0	50e-9
10	0	165e-9	-110e-9	0	50e-9
10	0	-165e-9	110e-9	0	50e-9
10	0	-55e-9	110e-9	0	50e-9
10	0	55e-9	110e-9	0	50e-9
10	0	165e-9	110e-9	0	50e-9
10	0	-110e-9	-240e-9	0	50e-9
10	0	0	-240e-9	0	50e-9
10	0	110e-9	-240e-9	0	50e-9
10	0	-110e-9	240e-9	0	50e-9
10	0	0	240e-9	0	50e-9
10	0	110e-9	240e-9	0	50e-9


r50 g20 15 10
10	0	-240e-9	0	0	50e-9
10	0	-110e-9	0	0	50e-9
10	0	0	0	0	50e-9
10	0	110e-9	0	0	50e-9
10	0	240e-9	0	0	50e-9
10	0	-230e-9	-110e-9	0	50e-9
10	0	-115e-9	-110e-9	0	50e-9
10	0	0	-110e-9	0	50e-9
10	0	115e-9	-110e-9	0	50e-9
10	0	230e-9	-110e-9	0	50e-9
10	0	-230e-9	110e-9	0	50e-9
10	0	-115e-9	110e-9	0	50e-9
10	0	0	110e-9	0	50e-9
10	0	115e-9	110e-9	0	50e-9
10	0	230e-9	110e-9	0	50e-9
10	0	-240e-9	-240e-9	0	50e-9
10	0	-140e-9	-240e-9	0	50e-9
10	0	0	-240e-9	0	50e-9
10	0	140e-9	-240e-9	0	50e-9
10	0	240e-9	-240e-9	0	50e-9
10	0	-240e-9	240e-9	0	50e-9
10	0	-140e-9	240e-9	0	50e-9
10	0	0	240e-9	0	50e-9
10	0	140e-9	240e-9	0	50e-9
10	0	240e-9	240e-9	0	50e-9




5x5 r45 g10
10	0	-200e-9	0	0	45e-9
10	0	-100e-9	0	0	45e-9
10	0	0	0	0	45e-9
10	0	100e-9	0	0	45e-9
10	0	200e-9	0	0	45e-9
10	0	-200e-9	-200e-9	0	45e-9
10	0	-100e-9	-200e-9	0	45e-9
10	0	0	-200e-9	0	45e-9
10	0	100e-9	-200e-9	0	45e-9
10	0	200e-9	-200e-9	0	45e-9
10	0	-200e-9	-100e-9	0	45e-9
10	0	-100e-9	-100e-9	0	45e-9
10	0	0	-100e-9	0	45e-9
10	0	100e-9	-100e-9	0	45e-9
10	0	200e-9	-100e-9	0	45e-9
10	0	-200e-9	100e-9	0	45e-9
10	0	-100e-9	100e-9	0	45e-9
10	0	0	100e-9	0	45e-9
10	0	100e-9	100e-9	0	45e-9
10	0	200e-9	100e-9	0	45e-9
10	0	-200e-9	200e-9	0	45e-9
10	0	-100e-9	200e-9	0	45e-9
10	0	0	200e-9	0	45e-9
10	0	100e-9	200e-9	0	45e-9
10	0	200e-9	200e-9	0	45e-9

4x5 r45 g10
10	0	-200e-9	0	0	45e-9
10	0	-100e-9	0	0	45e-9
10	0	0	0	0	45e-9
10	0	100e-9	0	0	45e-9
10	0	200e-9	0	0	45e-9
10	0	-200e-9	-200e-9	0	45e-9
10	0	-100e-9	-200e-9	0	45e-9
10	0	0	-200e-9	0	45e-9
10	0	100e-9	-200e-9	0	45e-9
10	0	200e-9	-200e-9	0	45e-9
10	0	-200e-9	-100e-9	0	45e-9
10	0	-100e-9	-100e-9	0	45e-9
10	0	0	-100e-9	0	45e-9
10	0	100e-9	-100e-9	0	45e-9
10	0	200e-9	-100e-9	0	45e-9
10	0	-200e-9	100e-9	0	45e-9
10	0	-100e-9	100e-9	0	45e-9
10	0	0	100e-9	0	45e-9
10	0	100e-9	100e-9	0	45e-9
10	0	200e-9	100e-9	0	45e-9


4x5 r50 g10
10	0	-240e-9	0	0	50e-9
10	0	-110e-9	0	0	50e-9
10	0	0	0	0	50e-9
10	0	110e-9	0	0	50e-9
10	0	240e-9	0	0	50e-9
10	0	-240e-9	-110e-9	0	50e-9
10	0	-110e-9	-110e-9	0	50e-9
10	0	0	-110e-9	0	50e-9
10	0	110e-9	-110e-9	0	50e-9
10	0	240e-9	-110e-9	0	50e-9
10	0	-240e-9	-240e-9	0	50e-9
10	0	-110e-9	-240e-9	0	50e-9
10	0	0	-240e-9	0	50e-9
10	0	110e-9	-240e-9	0	50e-9
10	0	240e-9	-240e-9	0	50e-9
10	0	-240e-9	110e-9	0	50e-9
10	0	-110e-9	110e-9	0	50e-9
10	0	0	110e-9	0	50e-9
10	0	110e-9	110e-9	0	50e-9
10	0	240e-9	110e-9	0	50e-9
























13	0	-165e-9	-60e-9	0	40e-9
13	0	-115e-9	-60e-9	0	40e-9
13	0	115e-9	-60e-9	0	40e-9
13	0	165e-9	-60e-9	0	40e-9
13	0	-165e-9	60e-9	0	40e-9
13	0	-115e-9	60e-9	0	40e-9
13	0	115e-9	60e-9	0	40e-9
13	0	165e-9	60e-9	0	40e-9
13	0	-140e-9	0	0	30e-9
13	0	-70e-9	0	0	30e-9
13	0	0	0	0	30e-9
13	0	70e-9	0	0	30e-9
13	0	140e-9	0	0	30e-9

3	0	-90e-9	0	0	40e-9
3	0	-45e-9	0	0	40e-9
3	0	0	0	0	40e-9
3	0	45e-9	0	0	40e-9
3	0	90e-9	0	0	40e-9
3	0	-100e-9	-50e-9	0	40e-9
3	0	-50e-9	-50e-9	0	40e-9
3	0	0	-50e-9	0	40e-9
3	0	50e-9	-50e-9	0	40e-9
3	0	100e-9	-50e-9	0	40e-9
3	0	-100e-9	50e-9	0	40e-9
3	0	-50e-9	50e-9	0	40e-9
3	0	0	50e-9	0	40e-9
3	0	50e-9	50e-9	0	40e-9
3	0	100e-9	50e-9	0	40e-9



13	0	-140e-9	-60e-9	0	40e-9
13	0	-60e-9	-60e-9	0	40e-9
13	0	0	-60e-9	0	40e-9
13	0	60e-9	-60e-9	0	40e-9
13	0	140e-9	-60e-9	0	40e-9
13	0	-140e-9	60e-9	0	40e-9
13	0	-60e-9	60e-9	0	40e-9
13	0	0	60e-9	0	40e-9
13	0	60e-9	60e-9	0	40e-9
13	0	140e-9	60e-9	0	40e-9



3	0	-100e-9	-50e-9	0	40e-9
3	0	-50e-9	-50e-9	0	40e-9
3	0	0	-50e-9	0	40e-9
3	0	50e-9	-50e-9	0	40e-9
3	0	100e-9	-50e-9	0	40e-9
3	0	-100e-9	0	0	40e-9
3	0	-50e-9	0	0	40e-9
3	0	0	0	0	40e-9
3	0	50e-9	0	0	40e-9
3	0	100e-9	0	0	40e-9
3	0	-100e-9	50e-9	0	40e-9
3	0	-50e-9	50e-9	0	40e-9
3	0	0	50e-9	0	40e-9
3	0	50e-9	50e-9	0	40e-9
3	0	100e-9	50e-9	0	40e-9
3	0	-100e-9	-50e-9	0	40e-9
3	0	-50e-9	-50e-9	0	40e-9
3	0	0	-50e-9	0	40e-9
3	0	50e-9	-50e-9	0	40e-9
3	0	100e-9	-50e-9	0	40e-9
3	0	-100e-9	0	0	40e-9
3	0	-50e-9	0	0	40e-9
3	0	0	0	0	40e-9
3	0	50e-9	0	0	40e-9
3	0	100e-9	0	0	40e-9
3	0	-100e-9	50e-9	0	40e-9
3	0	-50e-9	50e-9	0	40e-9
3	0	0	50e-9	0	40e-9
3	0	50e-9	50e-9	0	40e-9
3	0	100e-9	50e-9	0	40e-9
3	0	-100e-9	-50e-9	0	40e-9
3	0	-50e-9	-50e-9	0	40e-9
3	0	0	-50e-9	0	40e-9
3	0	50e-9	-50e-9	0	40e-9
3	0	100e-9	-50e-9	0	40e-9
3	0	-100e-9	0	0	40e-9
3	0	-50e-9	0	0	40e-9
3	0	0	0	0	40e-9
3	0	50e-9	0	0	40e-9
3	0	100e-9	0	0	40e-9
3	0	-100e-9	50e-9	0	40e-9
3	0	-50e-9	50e-9	0	40e-9
3	0	0	50e-9	0	40e-9
3	0	50e-9	50e-9	0	40e-9
3	0	100e-9	50e-9	0	40e-9
3	0	-100e-9	-50e-9	0	40e-9
3	0	-50e-9	-50e-9	0	40e-9
3	0	0	-50e-9	0	40e-9
3	0	50e-9	-50e-9	0	40e-9
3	0	100e-9	-50e-9	0	40e-9
3	0	-100e-9	0	0	40e-9
3	0	-50e-9	0	0	40e-9
3	0	0	0	0	40e-9
3	0	50e-9	0	0	40e-9
3	0	100e-9	0	0	40e-9
3	0	-100e-9	50e-9	0	40e-9
3	0	-50e-9	50e-9	0	40e-9
3	0	0	50e-9	0	40e-9
3	0	50e-9	50e-9	0	40e-9
3	0	100e-9	50e-9	0	40e-9
3	0	-100e-9	-50e-9	0	40e-9
3	0	-50e-9	-50e-9	0	40e-9
3	0	0	-50e-9	0	40e-9
3	0	50e-9	-50e-9	0	40e-9
3	0	100e-9	-50e-9	0	40e-9
3	0	-100e-9	0	0	40e-9
3	0	-50e-9	0	0	40e-9
3	0	0	0	0	40e-9
3	0	50e-9	0	0	40e-9
3	0	100e-9	0	0	40e-9
3	0	-100e-9	50e-9	0	40e-9
3	0	-50e-9	50e-9	0	40e-9
3	0	0	50e-9	0	40e-9
3	0	50e-9	50e-9	0	40e-9
3	0	100e-9	50e-9	0	40e-9
3	0	-100e-9	-50e-9	0	40e-9
3	0	-50e-9	-50e-9	0	40e-9
3	0	0	-50e-9	0	40e-9
3	0	50e-9	-50e-9	0	40e-9
3	0	100e-9	-50e-9	0	40e-9
3	0	-100e-9	0	0	40e-9
3	0	-50e-9	0	0	40e-9
3	0	0	0	0	40e-9
3	0	50e-9	0	0	40e-9
3	0	100e-9	0	0	40e-9
3	0	-100e-9	50e-9	0	40e-9
3	0	-50e-9	50e-9	0	40e-9
3	0	0	50e-9	0	40e-9
3	0	50e-9	50e-9	0	40e-9
3	0	100e-9	50e-9	0	40e-9
3	0	-100e-9	-50e-9	0	40e-9
3	0	-50e-9	-50e-9	0	40e-9
3	0	0	-50e-9	0	40e-9
3	0	50e-9	-50e-9	0	40e-9
3	0	100e-9	-50e-9	0	40e-9
3	0	-100e-9	0	0	40e-9
3	0	-50e-9	0	0	40e-9
3	0	0	0	0	40e-9
3	0	50e-9	0	0	40e-9
3	0	100e-9	0	0	40e-9
3	0	-100e-9	50e-9	0	40e-9
3	0	-50e-9	50e-9	0	40e-9
3	0	0	50e-9	0	40e-9
3	0	50e-9	50e-9	0	40e-9
3	0	100e-9	50e-9	0	40e-9