243
1.24E-10	0.999	1.29E-06
1.55E-10	1	2.92E-06
2.07E-10	1.002	8.36E-06
2.48E-10	1.001	1.52E-05
2.76E-10	1.001	2.21E-05
3.10E-10	1.003	3.57E-05
3.44E-10	1.003	3.24E-05
3.54E-10	1.003	1.72E-05
4.13E-10	1.001	1.43E-05
4.96E-10	1.001	2.40E-05
6.20E-10	1.001	4.72E-05
8.27E-10	0.999	1.21E-04
1.24E-09	0.998	5.23E-04
1.55E-09	0.997	1.08E-03
1.68E-09	0.998	1.42E-03
2.07E-09	0.997	2.69E-03
2.48E-09	0.997	4.57E-03
3.10E-09	0.998	8.82E-03
3.35E-09	1.007	8.23E-03
3.54E-09	1.001	1.68E-03
4.13E-09	0.996	2.32E-03
4.43E-09	0.994	2.70E-03
4.77E-09	0.992	3.11E-03
5.17E-09	0.989	3.50E-03
5.64E-09	0.987	3.45E-03
6.20E-09	0.982	3.77E-03
6.89E-09	0.978	4.31E-03
7.29E-09	0.973	4.42E-03
7.75E-09	0.968	4.38E-03
8.27E-09	0.963	4.07E-03
8.86E-09	0.955	3.54E-03
9.54E-09	0.943	3.66E-03
1.03E-08	0.926	6.22E-03
1.13E-08	0.902	1.72E-02
1.18E-08	0.89	2.61E-02
1.24E-08	0.876	3.82E-02
1.31E-08	0.861	5.65E-02
1.38E-08	0.849	8.24E-02
1.46E-08	0.846	0.111
1.55E-08	0.848	0.139
1.59E-08	0.851	0.149
1.63E-08	0.853	0.158
1.68E-08	0.853	0.166
1.72E-08	0.851	0.181
1.77E-08	0.859	0.197
1.82E-08	0.871	0.208
1.88E-08	0.883	0.211
1.94E-08	0.885	0.21
2.00E-08	0.881	0.211
2.07E-08	0.873	0.221
2.14E-08	0.868	0.237
2.21E-08	0.871	0.259
2.30E-08	0.885	0.274
2.34E-08	0.89	0.275
2.38E-08	0.889	0.276
2.43E-08	0.886	0.281
2.48E-08	0.884	0.29
2.53E-08	0.885	0.2
2.58E-08	0.888	0.309
2.64E-08	0.893	0.317
2.70E-08	0.896	0.323
2.82E-08	0.899	0.334
2.95E-08	0.897	0.349
3.10E-08	0.896	0.368
3.18E-08	0.895	0.378
3.26E-08	0.892	0.388
3.35E-08	0.885	0.4
3.44E-08	0.876	0.418
3.54E-08	0.865	0.454
3.65E-08	0.879	0.489
3.76E-08	0.899	0.514
3.87E-08	0.921	0.528
4.00E-08	0.932	0.534
4.13E-08	0.931	0.541
4.28E-08	0.919	0.557
4.35E-08	0.911	0.572
4.43E-08	0.902	0.59
4.51E-08	0.851	0.616
4.59E-08	0.886	0.65
4.59E-08	0.882	0.399
4.68E-08	0.886	0.421
4.77E-08	0.887	0.444
4.86E-08	0.891	0.468
5.06E-08	0.906	0.522
5.28E-08	0.943	0.584
5.39E-08	0.98	0.614
5.51E-08	1.029	0.624
5.64E-08	1.075	0.615
5.77E-08	1.104	0.584
5.90E-08	1.109	0.561
6.05E-08	1.105	0.549
6.20E-08	1.098	0.548
6.53E-08	1.096	0.565
6.89E-08	1.101	0.593
7.29E-08	1.121	0.635
7.75E-08	1.167	0.676
8.00E-08	1.202	0.691
8.27E-08	1.243	0.693
8.55E-08	1.281	0.679
8.86E-08	1.308	0.656
9.18E-08	1.322	0.628
9.54E-08	1.322	0.603
9.92E-08	1.315	0.588
1.03E-07	1.308	0.581
1.05E-07	1.304	0.578
1.08E-07	1.3	0.573
1.11E-07	1.293	0.566
1.14E-07	1.28	0.56
1.17E-07	1.265	0.56
1.20E-07	1.252	0.564
1.24E-07	1.241	0.568
1.28E-07	1.229	0.566
1.35E-07	1.182	0.55
1.38E-07	1.149	0.552
1.41E-07	1.112	0.563
1.44E-07	1.073	0.581
1.48E-07	1.032	0.61
1.51E-07	0.993	0.653
1.55E-07	0.962	0.706
1.59E-07	0.94	0.77
1.63E-07	0.935	0.832
1.68E-07	0.936	0.892
1.72E-07	0.942	0.951
1.77E-07	0.953	1.01
1.82E-07	0.969	1.07
1.88E-07	0.995	1.13
1.94E-07	1.028	1.18
1.97E-07	1.048	1.21
2.00E-07	1.072	1.24
2.03E-07	1.098	1.26
2.07E-07	1.125	1.27
2.14E-07	1.173	1.29
2.21E-07	1.208	1.3
2.30E-07	1.238	1.31
2.38E-07	1.265	1.33
2.48E-07	1.298	1.35
2.53E-07	1.32	1.35
2.58E-07	1.343	1.35
2.64E-07	1.372	1.35
2.70E-07	1.404	1.33
2.76E-07	1.441	1.31
2.82E-07	1.476	1.26
2.88E-07	1.502	1.19
2.95E-07	1.519	1.08
2.99E-07	1.522	0.992
3.02E-07	1.496	0.882
3.06E-07	1.432	0.766
3.10E-07	1.323	0.647
3.12E-07	1.246	0.586
3.14E-07	1.149	0.54
3.16E-07	1.044	0.514
3.18E-07	0.932	0.504
3.20E-07	0.815	0.526
3.22E-07	0.708	0.565
3.24E-07	0.616	0.609
3.26E-07	0.526	0.663
3.31E-07	0.371	0.813
3.32E-07	0.321	0.902
3.35E-07	0.294	0.986
3.40E-07	0.259	1.12
3.44E-07	0.238	1.24
3.54E-07	0.209	1.44
3.65E-07	0.186	1.61
3.76E-07	0.2	1.67
3.88E-07	0.192	1.81
4.00E-07	0.173	1.95
4.13E-07	0.173	2.11
4.28E-07	0.16	2.26
4.43E-07	0.157	2.4
4.59E-07	0.144	2.56
4.77E-07	0.132	2.72
4.96E-07	0.13	2.88
5.17E-07	0.13	3.07
5.39E-07	0.129	3.25
5.64E-07	0.12	3.45
5.90E-07	0.121	3.66
6.20E-07	0.131	3.88
6.53E-07	0.14	4.15
6.89E-07	0.14	4.44
7.29E-07	0.148	4.74
7.75E-07	0.143	5.09
8.27E-07	0.145	5.5
8.86E-07	0.163	5.95
9.54E-07	0.198	6.43
1.03E-06	0.226	6.99
1.13E-06	0.251	7.67
1.24E-06	0.329	8.49
1.27E-06	0.375	7.78
1.29E-06	0.383	7.92
1.31E-06	0.358	8.95
1.32E-06	0.392	8.06
1.35E-06	0.401	8.21
1.38E-06	0.411	8.37
1.38E-06	0.396	9.48
1.41E-06	0.421	8.37
1.44E-06	0.431	8.7
1.46E-06	0.446	10.1
1.48E-06	0.442	8.88
1.51E-06	0.455	9.08
1.55E-06	0.469	9.32
1.55E-06	0.514	10.8
1.59E-06	0.485	9.57
1.63E-06	0.501	9.84
1.65E-06	0.624	11.5
1.68E-06	0.519	10.1
1.72E-06	0.537	10.4
1.77E-06	0.557	10.7
1.77E-06	0.844	12.2
1.82E-06	0.578	11.1
1.88E-06	0.6	11.4
1.91E-06	0.873	13.3
1.94E-06	0.624	11.8
2.00E-06	0.65	12.2
2.07E-06	0.668	12.6
2.07E-06	1.064	14.4
2.14E-06	0.729	13
2.21E-06	0.774	13.5
2.30E-06	0.823	14
2.38E-06	0.878	14.5
2.48E-06	0.939	15.1
2.58E-06	1.007	15.7
2.70E-06	1.083	16.4
2.82E-06	1.168	17.1
2.95E-06	1.265	17.9
3.10E-06	1.387	18.8
3.26E-06	1.536	19.8
3.44E-06	1.71	20.9
3.65E-06	1.915	22.1
3.88E-06	2.16	23.5
4.13E-06	2.446	25.1
4.43E-06	2.786	26.9
4.77E-06	3.202	29
5.17E-06	3.732	31.3
5.64E-06	4.425	34
6.20E-06	5.355	37
6.53E-06	5.96	38.6
6.89E-06	6.67	40.4
7.29E-06	7.461	42.5
7.75E-06	8.376	44.8
8.27E-06	9.441	47.1
8.86E-06	10.69	49.4
9.54E-06	12.21	52.2
9.92E-06	13.11	53.7
