314
1.25E-10	0.9999719	2.39E-06
1.35E-10	0.9999665	3.13E-06
1.45E-10	0.9999608	4.02E-06
1.50E-10	0.9999578	4.52E-06
1.75E-10	0.9999415	7.78E-06
2.00E-10	0.9999227	1.25E-05
2.50E-10	0.999879	2.75E-05
3.00E-10	0.999831	5.25E-05
3.50E-10	0.999794	9.07E-05
4.00E-10	0.999769	1.20E-04
5.00E-10	0.999706	2.36E-04
6.00E-10	0.999637	9.88E-05
7.00E-10	0.999395	1.68E-04
8.00E-10	0.999156	2.67E-04
8.34E-10	0.999085	3.10E-04
9.89E-10	0.99885	4.40E-04
1.04E-09	0.99871	5.33E-04
1.23E-09	0.9982	9.40E-04
1.33E-09	0.99788	1.23E-03
1.46E-09	0.99759	1.57E-03
1.60E-09	0.99734	1.86E-03
1.76E-09	0.99708	2.34E-03
1.95E-09	0.99665	2.68E-03
2.16E-09	0.99652	2.85E-03
2.36E-09	0.99624	3.76E-03
2.48E-09	0.996	5.60E-03
2.74E-09	0.99592	6.10E-03
3.14E-09	0.99525	6.15E-03
4.13E-09	0.991	8.95E-03
4.77E-09	0.988	1.06E-02
5.64E-09	0.986	1.18E-02
6.20E-09	0.983	1.15E-02
6.89E-09	0.979	1.07E-02
8.27E-09	0.963	1.01E-02
1.03E-08	0.929	1.78E-02
1.13E-08	0.911	2.83E-02
1.18E-08	0.9	3.53E-02
1.24E-08	0.889	4.54E-02
1.41E-08	0.889	5.54E-02
1.42E-08	0.888	5.58E-02
1.43E-08	0.887	5.76E-02
1.44E-08	0.886	6.13E-02
1.46E-08	0.887	6.48E-02
1.47E-08	0.888	6.54E-02
1.48E-08	0.888	6.33E-02
1.49E-08	0.885	6.37E-02
1.49E-08	0.884	6.53E-02
1.51E-08	0.881	6.82E-02
1.55E-08	0.878	7.52E-02
1.59E-08	0.875	8.18E-02
1.63E-08	0.873	8.71E-02
1.68E-08	0.869	9.27E-02
1.72E-08	0.862	9.97E-02
1.77E-08	0.857	0.112
1.82E-08	0.855	0.124
1.88E-08	0.856	0.136
1.94E-08	0.857	0.147
2.00E-08	0.859	0.156
2.07E-08	0.863	0.162
2.14E-08	0.861	0.166
2.21E-08	0.856	0.171
2.30E-08	0.848	0.18
2.38E-08	0.839	0.19
2.48E-08	0.828	0.204
2.53E-08	0.821	0.213
2.58E-08	0.814	0.225
2.64E-08	0.809	0.238
2.70E-08	0.805	0.254
2.76E-08	0.805	0.27
2.82E-08	0.807	0.282
2.88E-08	0.807	0.292
2.95E-08	0.804	0.303
3.02E-08	0.799	0.317
3.10E-08	0.795	0.334
3.18E-08	0.793	0.353
3.26E-08	0.791	0.371
3.35E-08	0.786	0.391
3.44E-08	0.783	0.414
3.54E-08	0.779	0.439
3.65E-08	0.788	0.473
3.76E-08	0.781	0.515
3.87E-08	0.805	0.57
4.00E-08	0.851	0.596
4.07E-08	0.87	0.601
4.13E-08	0.887	0.603
4.20E-08	0.9	0.601
4.28E-08	0.905	0.599
4.43E-08	0.901	0.607
4.59E-08	0.895	0.635
4.70E-08	0.855	0.548
4.77E-08	0.896	0.679
4.80E-08	0.846	0.565
4.90E-08	0.846	0.6
5.00E-08	0.85	0.645
5.10E-08	0.86	0.695
5.20E-08	0.872	0.74
5.30E-08	0.89	0.795
5.40E-08	0.915	0.825
5.50E-08	0.95	0.84
5.60E-08	0.985	0.848
5.70E-08	1.022	0.85
5.80E-08	1.055	0.842
5.90E-08	1.085	0.83
6.00E-08	1.113	0.813
6.10E-08	1.134	0.795
6.20E-08	1.146	0.77
6.30E-08	1.153	0.75
6.40E-08	1.157	0.73
6.50E-08	1.155	0.71
6.60E-08	1.14	0.7
6.70E-08	1.125	0.694
6.80E-08	1.107	0.687
6.90E-08	1.088	0.68
7.00E-08	1.075	0.678
7.10E-08	1.06	0.68
7.20E-08	1.05	0.685
7.30E-08	1.042	0.69
7.40E-08	1.038	0.697
7.50E-08	1.033	0.704
7.60E-08	1.03	0.713
7.70E-08	1.029	0.72
7.80E-08	1.028	0.73
7.90E-08	1.028	0.739
8.00E-08	1.029	0.745
8.10E-08	1.03	0.752
8.20E-08	1.033	0.759
8.30E-08	1.037	0.765
8.40E-08	1.041	0.77
8.50E-08	1.048	0.775
8.60E-08	1.053	0.78
8.70E-08	1.061	0.784
8.80E-08	1.07	0.789
8.90E-08	1.08	0.793
9.00E-08	1.09	0.798
9.10E-08	1.1	0.801
9.20E-08	1.11	0.806
9.30E-08	1.121	0.809
9.40E-08	1.133	0.812
9.50E-08	1.146	0.815
9.60E-08	1.159	0.819
9.70E-08	1.17	0.823
9.80E-08	1.18	0.826
9.90E-08	1.19	0.831
1.00E-07	1.2	0.836
1.01E-07	1.207	0.842
1.02E-07	1.21	0.848
1.03E-07	1.213	0.853
1.04E-07	1.215	0.86
1.05E-07	1.217	0.865
1.06E-07	1.217	0.87
1.07E-07	1.218	0.878
1.08E-07	1.218	0.885
1.09E-07	1.22	0.893
1.10E-07	1.222	0.9
1.11E-07	1.223	0.907
1.12E-07	1.225	0.914
1.13E-07	1.228	0.922
1.14E-07	1.232	0.927
1.15E-07	1.237	0.932
1.16E-07	1.242	0.935
1.17E-07	1.247	0.942
1.18E-07	1.25	0.95
1.19E-07	1.255	0.955
1.20E-07	1.26	0.962
1.21E-07	1.265	0.967
1.22E-07	1.27	0.975
1.23E-07	1.275	0.982
1.24E-07	1.28	0.987
1.25E-07	1.285	0.994
1.26E-07	1.29	1
1.27E-07	1.295	1.005
1.28E-07	1.3	1.012
1.29E-07	1.304	1.017
1.30E-07	1.308	1.02
1.31E-07	1.313	1.027
1.32E-07	1.318	1.032
1.33E-07	1.323	1.038
1.34E-07	1.328	1.045
1.35E-07	1.333	1.05
1.36E-07	1.338	1.053
1.37E-07	1.345	1.058
1.38E-07	1.35	1.063
1.39E-07	1.355	1.067
1.40E-07	1.36	1.072
1.45E-07	1.386	1.089
1.50E-07	1.419	1.102
1.55E-07	1.45	1.108
1.60E-07	1.483	1.106
1.65E-07	1.512	1.093
1.70E-07	1.519	1.07
1.75E-07	1.5	1.07
1.80E-07	1.47	1.085
1.85E-07	1.442	1.107
1.90E-07	1.427	1.135
1.95E-07	1.424	1.17
2.00E-07	1.427	1.215
2.07E-07	1.422	1.306
2.10E-07	1.43	1.334
2.14E-07	1.432	1.364
2.18E-07	1.438	1.388
2.21E-07	1.442	1.418
2.25E-07	1.452	1.442
2.30E-07	1.454	1.478
2.34E-07	1.462	1.51
2.38E-07	1.47	1.55
2.43E-07	1.478	1.59
2.48E-07	1.484	1.636
2.53E-07	1.49	1.698
2.58E-07	1.504	1.748
2.64E-07	1.546	1.784
2.70E-07	1.598	1.822
2.76E-07	1.648	1.852
2.82E-07	1.69	1.882
2.88E-07	1.742	1.9
2.95E-07	1.776	1.918
3.02E-07	1.812	1.92
3.10E-07	1.83	1.916
3.18E-07	1.84	1.904
3.26E-07	1.824	1.878
3.35E-07	1.798	1.86
3.44E-07	1.766	1.846
3.54E-07	1.74	1.848
3.65E-07	1.716	1.862
3.76E-07	1.696	1.906
3.88E-07	1.674	1.936
4.00E-07	1.658	1.956
4.13E-07	1.636	1.958
4.28E-07	1.616	1.94
4.43E-07	1.562	1.904
4.59E-07	1.426	1.846
4.77E-07	1.242	1.796
4.96E-07	0.916	1.84
5.17E-07	0.608	2.12
5.39E-07	0.402	2.54
5.64E-07	0.306	2.88
6.53E-07	0.166	3.15
6.89E-07	0.16	3.8
7.29E-07	0.164	4.35
7.75E-07	0.174	4.86
8.27E-07	0.188	5.39
8.86E-07	0.21	5.88
9.54E-07	0.236	6.47
1.03E-06	0.272	7.07
1.13E-06	0.312	7.93
1.24E-06	0.372	8.77
1.27E-06	0.389	8.09
1.29E-06	0.403	8.25
1.32E-06	0.419	8.42
1.38E-06	0.436	8.59
1.38E-06	0.458	9.72
1.38E-06	0.454	8.77
1.41E-06	0.473	8.96
1.44E-06	0.493	9.15
1.48E-06	0.515	9.36
1.51E-06	0.537	9.58
1.55E-06	0.559	9.81
1.55E-06	0.55	11.5
1.59E-06	0.583	10.1
1.63E-06	0.609	10.3
1.68E-06	0.636	10.6
1.72E-06	0.665	10.9
1.77E-06	0.696	11.2
1.77E-06	0.726	12.9
1.88E-06	0.73	11.5
1.92E-06	0.767	11.9
1.94E-06	0.807	12.2
2.00E-06	0.85	12.6
2.07E-06	0.896	13
2.07E-06	0.976	15.1
2.14E-06	0.947	13.4
2.21E-06	1.002	13.9
2.30E-06	1.063	14.4
2.38E-06	1.13	14.9
2.48E-06	1.205	15.5
2.58E-06	1.287	16.1
2.70E-06	1.379	16.8
2.82E-06	1.482	17.5
2.95E-06	1.598	18.3
3.10E-06	1.728	19.2
3.18E-06	1.8	19.7
3.26E-06	1.876	20.2
3.35E-06	1.958	20.7
3.44E-06	2.046	21.3
3.54E-06	2.141	21.9
3.65E-06	2.242	22.5
3.76E-06	2.352	23.1
3.88E-06	2.471	23.9
4.00E-06	2.6	24.6
4.13E-06	2.749	25.4
4.28E-06	2.912	26.3
4.43E-06	3.091	27.2
4.59E-06	3.289	28.2
4.77E-06	3.507	29.3
4.96E-06	3.748	30.5
5.17E-06	4.007	31.7
5.39E-06	4.292	32.9
5.64E-06	4.611	34.3
5.90E-06	4.971	35.9
6.20E-06	5.423	37.5
6.36E-06	5.684	38.3
6.53E-06	5.966	39.1
6.70E-06	6.27	40.1
6.89E-06	6.598	41
7.09E-06	6.937	42
7.29E-06	7.282	43
7.51E-06	7.655	44.1
7.75E-06	8.06	45.2
8.00E-06	8.5	46.4
8.27E-06	9.016	47.6
8.55E-06	9.582	48.8
8.86E-06	10.21	50.2
9.18E-06	10.84	51.6
9.54E-06	11.51	53.1
9.92E-06	12.24	54.7