801
2e-007	1.56959	0.000106053
2.01e-007	1.56947	0.000107857
2.02e-007	1.56934	0.000109685
2.03e-007	1.56921	0.000111537
2.04e-007	1.56908	0.000113413
2.05e-007	1.56895	0.000115313
2.06e-007	1.56882	0.000117239
2.07e-007	1.56869	0.000119189
2.08e-007	1.56855	0.000121165
2.09e-007	1.56842	0.000123167
2.1e-007	1.56828	0.000125194
2.11e-007	1.56815	0.000127248
2.12e-007	1.56801	0.000129328
2.13e-007	1.56787	0.000131435
2.14e-007	1.56773	0.000133569
2.15e-007	1.5676	0.000135731
2.16e-007	1.56745	0.00013792
2.17e-007	1.56731	0.000140137
2.18e-007	1.56717	0.000142382
2.19e-007	1.56703	0.000144656
2.2e-007	1.56688	0.000146958
2.21e-007	1.56674	0.00014929
2.22e-007	1.56659	0.000151651
2.23e-007	1.56644	0.000154043
2.24e-007	1.5663	0.000156464
2.25e-007	1.56615	0.000158916
2.26e-007	1.566	0.000161398
2.27e-007	1.56585	0.000163912
2.28e-007	1.56569	0.000166457
2.29e-007	1.56554	0.000169034
2.3e-007	1.56539	0.000171644
2.31e-007	1.56523	0.000174286
2.32e-007	1.56508	0.00017696
2.33e-007	1.56492	0.000179668
2.34e-007	1.56476	0.00018241
2.35e-007	1.5646	0.000185186
2.36e-007	1.56444	0.000187996
2.37e-007	1.56428	0.00019084
2.38e-007	1.56412	0.00019372
2.39e-007	1.56395	0.000196636
2.4e-007	1.56379	0.000199587
2.41e-007	1.56362	0.000202575
2.42e-007	1.56345	0.0002056
2.43e-007	1.56329	0.000208661
2.44e-007	1.56312	0.00021176
2.45e-007	1.56295	0.000214898
2.46e-007	1.56278	0.000218073
2.47e-007	1.5626	0.000221287
2.48e-007	1.56243	0.000224541
2.49e-007	1.56226	0.000227835
2.5e-007	1.56208	0.000231168
2.51e-007	1.5619	0.000234542
2.52e-007	1.56173	0.000237957
2.53e-007	1.56155	0.000241414
2.54e-007	1.56137	0.000244913
2.55e-007	1.56118	0.000248454
2.56e-007	1.561	0.000252038
2.57e-007	1.56082	0.000255666
2.58e-007	1.56063	0.000259338
2.59e-007	1.56045	0.000263054
2.6e-007	1.56026	0.000266815
2.61e-007	1.56007	0.000270621
2.62e-007	1.55988	0.000274474
2.63e-007	1.55969	0.000278372
2.64e-007	1.5595	0.000282318
2.65e-007	1.5593	0.000286312
2.66e-007	1.55911	0.000290354
2.67e-007	1.55891	0.000294444
2.68e-007	1.55871	0.000298584
2.69e-007	1.55851	0.000302773
2.7e-007	1.55831	0.000307013
2.71e-007	1.55811	0.000311304
2.72e-007	1.55791	0.000315646
2.73e-007	1.55771	0.000320041
2.74e-007	1.5575	0.000324488
2.75e-007	1.55729	0.000328989
2.76e-007	1.55709	0.000333543
2.77e-007	1.55688	0.000338153
2.78e-007	1.55667	0.000342817
2.79e-007	1.55645	0.000347538
2.8e-007	1.55624	0.000352315
2.81e-007	1.55602	0.00035715
2.82e-007	1.55581	0.000362042
2.83e-007	1.55559	0.000366993
2.84e-007	1.55537	0.000372004
2.85e-007	1.55515	0.000377074
2.86e-007	1.55493	0.000382205
2.87e-007	1.55471	0.000387398
2.88e-007	1.55448	0.000392653
2.89e-007	1.55425	0.000397971
2.9e-007	1.55403	0.000403352
2.91e-007	1.5538	0.000408798
2.92e-007	1.55357	0.000414309
2.93e-007	1.55333	0.000419887
2.94e-007	1.5531	0.000425531
2.95e-007	1.55286	0.000431243
2.96e-007	1.55263	0.000437023
2.97e-007	1.55239	0.000442872
2.98e-007	1.55215	0.000448792
2.99e-007	1.55191	0.000454783
3e-007	1.55166	0.000460845
3.01e-007	1.55142	0.00046698
3.02e-007	1.55117	0.000473189
3.03e-007	1.55092	0.000479473
3.04e-007	1.55067	0.000485832
3.05e-007	1.55042	0.000492267
3.06e-007	1.55017	0.000498779
3.07e-007	1.54991	0.00050537
3.08e-007	1.54966	0.00051204
3.09e-007	1.5494	0.000518791
3.1e-007	1.54914	0.000525622
3.11e-007	1.54888	0.000532536
3.12e-007	1.54862	0.000539534
3.13e-007	1.54835	0.000546615
3.14e-007	1.54808	0.000553782
3.15e-007	1.54781	0.000561036
3.16e-007	1.54754	0.000568377
3.17e-007	1.54727	0.000575806
3.18e-007	1.547	0.000583326
3.19e-007	1.54672	0.000590936
3.2e-007	1.54644	0.000598639
3.21e-007	1.54616	0.000606435
3.22e-007	1.54588	0.000614325
3.23e-007	1.5456	0.000622311
3.24e-007	1.54531	0.000630394
3.25e-007	1.54503	0.000638575
3.26e-007	1.54474	0.000646855
3.27e-007	1.54445	0.000655237
3.28e-007	1.54415	0.00066372
3.29e-007	1.54386	0.000672307
3.3e-007	1.54356	0.000680998
3.31e-007	1.54326	0.000689795
3.32e-007	1.54296	0.0006987
3.33e-007	1.54266	0.000707714
3.34e-007	1.54235	0.000716838
3.35e-007	1.54205	0.000726074
3.36e-007	1.54174	0.000735423
3.37e-007	1.54142	0.000744887
3.38e-007	1.54111	0.000754467
3.39e-007	1.54079	0.000764165
3.4e-007	1.54048	0.000773982
3.41e-007	1.54016	0.00078392
3.42e-007	1.53983	0.000793981
3.43e-007	1.53951	0.000804166
3.44e-007	1.53918	0.000814477
3.45e-007	1.53885	0.000824916
3.46e-007	1.53852	0.000835484
3.47e-007	1.53819	0.000846183
3.48e-007	1.53785	0.000857015
3.49e-007	1.53751	0.000867982
3.5e-007	1.53717	0.000879085
3.51e-007	1.53683	0.000890327
3.52e-007	1.53648	0.000901709
3.53e-007	1.53614	0.000913233
3.54e-007	1.53579	0.000924901
3.55e-007	1.53543	0.000936716
3.56e-007	1.53508	0.000948679
3.57e-007	1.53472	0.000960793
3.58e-007	1.53436	0.000973059
3.59e-007	1.534	0.000985479
3.6e-007	1.53363	0.000998056
3.61e-007	1.53326	0.00101079
3.62e-007	1.53289	0.00102369
3.63e-007	1.53252	0.00103675
3.64e-007	1.53214	0.00104998
3.65e-007	1.53176	0.00106337
3.66e-007	1.53138	0.00107694
3.67e-007	1.53099	0.00109067
3.68e-007	1.53061	0.00110459
3.69e-007	1.53022	0.00111868
3.7e-007	1.52982	0.00113295
3.71e-007	1.52943	0.00114741
3.72e-007	1.52903	0.00116205
3.73e-007	1.52863	0.00117688
3.74e-007	1.52822	0.0011919
3.75e-007	1.52782	0.00120712
3.76e-007	1.52741	0.00122253
3.77e-007	1.52699	0.00123814
3.78e-007	1.52658	0.00125396
3.79e-007	1.52616	0.00126998
3.8e-007	1.52573	0.00128621
3.81e-007	1.52531	0.00130265
3.82e-007	1.52488	0.0013193
3.83e-007	1.52444	0.00133618
3.84e-007	1.52401	0.00135328
3.85e-007	1.52357	0.0013706
3.86e-007	1.52313	0.00138815
3.87e-007	1.52268	0.00140593
3.88e-007	1.52223	0.00142395
3.89e-007	1.52178	0.0014422
3.9e-007	1.52133	0.0014607
3.91e-007	1.52087	0.00147945
3.92e-007	1.5204	0.00149844
3.93e-007	1.51994	0.00151769
3.94e-007	1.51947	0.0015372
3.95e-007	1.51899	0.00155697
3.96e-007	1.51852	0.00157701
3.97e-007	1.51803	0.00159731
3.98e-007	1.51755	0.00161789
3.99e-007	1.51706	0.00163875
4e-007	1.51657	0.00165989
4.01e-007	1.51607	0.00168132
4.02e-007	1.51557	0.00170305
4.03e-007	1.51507	0.00172507
4.04e-007	1.51456	0.00174739
4.05e-007	1.51405	0.00177001
4.06e-007	1.51353	0.00179295
4.07e-007	1.51301	0.00181621
4.08e-007	1.51249	0.00183978
4.09e-007	1.51196	0.00186369
4.1e-007	1.51143	0.00188792
4.11e-007	1.51089	0.0019125
4.12e-007	1.51035	0.00193741
4.13e-007	1.5098	0.00196268
4.14e-007	1.50925	0.0019883
4.15e-007	1.5087	0.00201428
4.16e-007	1.50814	0.00204062
4.17e-007	1.50757	0.00206734
4.18e-007	1.507	0.00209444
4.19e-007	1.50643	0.00212192
4.2e-007	1.50585	0.0021498
4.21e-007	1.50527	0.00217807
4.22e-007	1.50468	0.00220675
4.23e-007	1.50409	0.00223584
4.24e-007	1.50349	0.00226535
4.25e-007	1.50289	0.00229528
4.26e-007	1.50228	0.00232565
4.27e-007	1.50167	0.00235646
4.28e-007	1.50105	0.00238772
4.29e-007	1.50043	0.00241944
4.3e-007	1.4998	0.00245162
4.31e-007	1.49916	0.00248427
4.32e-007	1.49852	0.0025174
4.33e-007	1.49788	0.00255103
4.34e-007	1.49723	0.00258515
4.35e-007	1.49657	0.00261978
4.36e-007	1.49591	0.00265493
4.37e-007	1.49524	0.0026906
4.38e-007	1.49457	0.0027268
4.39e-007	1.49389	0.00276355
4.4e-007	1.4932	0.00280086
4.41e-007	1.49251	0.00283873
4.42e-007	1.49181	0.00287718
4.43e-007	1.49111	0.00291621
4.44e-007	1.4904	0.00295584
4.45e-007	1.48968	0.00299607
4.46e-007	1.48896	0.00303693
4.47e-007	1.48823	0.00307841
4.48e-007	1.48749	0.00312054
4.49e-007	1.48675	0.00316332
4.5e-007	1.48599	0.00320677
4.51e-007	1.48524	0.0032509
4.52e-007	1.48447	0.00329572
4.53e-007	1.4837	0.00334125
4.54e-007	1.48292	0.00338749
4.55e-007	1.48214	0.00343447
4.56e-007	1.48134	0.0034822
4.57e-007	1.48054	0.00353069
4.58e-007	1.47973	0.00357995
4.59e-007	1.47892	0.00363001
4.6e-007	1.47809	0.00368088
4.61e-007	1.47726	0.00373257
4.62e-007	1.47642	0.0037851
4.63e-007	1.47557	0.00383848
4.64e-007	1.47472	0.00389274
4.65e-007	1.47385	0.0039479
4.66e-007	1.47298	0.00400396
4.67e-007	1.4721	0.00406095
4.68e-007	1.47121	0.00411889
4.69e-007	1.47031	0.00417779
4.7e-007	1.4694	0.00423769
4.71e-007	1.46848	0.00429859
4.72e-007	1.46756	0.00436052
4.73e-007	1.46662	0.00442349
4.74e-007	1.46567	0.00448754
4.75e-007	1.46472	0.00455269
4.76e-007	1.46375	0.00461895
4.77e-007	1.46278	0.00468636
4.78e-007	1.46179	0.00475493
4.79e-007	1.4608	0.00482469
4.8e-007	1.45979	0.00489567
4.81e-007	1.45878	0.00496789
4.82e-007	1.45775	0.00504138
4.83e-007	1.45671	0.00511617
4.84e-007	1.45566	0.00519229
4.85e-007	1.4546	0.00526976
4.86e-007	1.45353	0.00534862
4.87e-007	1.45245	0.0054289
4.88e-007	1.45136	0.00551063
4.89e-007	1.45025	0.00559384
4.9e-007	1.44913	0.00567857
4.91e-007	1.448	0.00576484
4.92e-007	1.44686	0.00585271
4.93e-007	1.4457	0.0059422
4.94e-007	1.44453	0.00603334
4.95e-007	1.44335	0.00612619
4.96e-007	1.44215	0.00622078
4.97e-007	1.44095	0.00631714
4.98e-007	1.43972	0.00641533
4.99e-007	1.43849	0.00651539
5e-007	1.43724	0.00661736
5.01e-007	1.43597	0.00672128
5.02e-007	1.43469	0.00682721
5.03e-007	1.43339	0.00693519
5.04e-007	1.43208	0.00704527
5.05e-007	1.43076	0.00715751
5.06e-007	1.42942	0.00727196
5.07e-007	1.42806	0.00738868
5.08e-007	1.42669	0.00750771
5.09e-007	1.4253	0.00762913
5.1e-007	1.42389	0.00775298
5.11e-007	1.42246	0.00787934
5.12e-007	1.42102	0.00800826
5.13e-007	1.41956	0.00813981
5.14e-007	1.41808	0.00827407
5.15e-007	1.41659	0.0084111
5.16e-007	1.41507	0.00855097
5.17e-007	1.41354	0.00869376
5.18e-007	1.41198	0.00883955
5.19e-007	1.41041	0.00898842
5.2e-007	1.40881	0.00914046
5.21e-007	1.4072	0.00929573
5.22e-007	1.40556	0.00945435
5.23e-007	1.4039	0.00961639
5.24e-007	1.40223	0.00978196
5.25e-007	1.40052	0.00995114
5.26e-007	1.3988	0.0101241
5.27e-007	1.39705	0.0103008
5.28e-007	1.39528	0.0104815
5.29e-007	1.39348	0.0106662
5.3e-007	1.39166	0.0108551
5.31e-007	1.38982	0.0110483
5.32e-007	1.38795	0.0112458
5.33e-007	1.38605	0.011448
5.34e-007	1.38412	0.0116548
5.35e-007	1.38217	0.0118664
5.36e-007	1.38019	0.012083
5.37e-007	1.37819	0.0123047
5.38e-007	1.37615	0.0125317
5.39e-007	1.37408	0.0127641
5.4e-007	1.37198	0.0130021
5.41e-007	1.36986	0.0132458
5.42e-007	1.3677	0.0134956
5.43e-007	1.3655	0.0137514
5.44e-007	1.36328	0.0140137
5.45e-007	1.36102	0.0142824
5.46e-007	1.35872	0.0145579
5.47e-007	1.35639	0.0148404
5.48e-007	1.35403	0.0151301
5.49e-007	1.35162	0.0154272
5.5e-007	1.34918	0.0157321
5.51e-007	1.3467	0.0160449
5.52e-007	1.34418	0.0163659
5.53e-007	1.34162	0.0166954
5.54e-007	1.33902	0.0170338
5.55e-007	1.33637	0.0173812
5.56e-007	1.33368	0.0177381
5.57e-007	1.33095	0.0181048
5.58e-007	1.32817	0.0184816
5.59e-007	1.32534	0.0188689
5.6e-007	1.32246	0.019267
5.61e-007	1.31953	0.0196764
5.62e-007	1.31656	0.0200976
5.63e-007	1.31353	0.0205308
5.64e-007	1.31044	0.0209767
5.65e-007	1.3073	0.0214356
5.66e-007	1.30411	0.0219081
5.67e-007	1.30085	0.0223948
5.68e-007	1.29754	0.0228961
5.69e-007	1.29416	0.0234127
5.7e-007	1.29072	0.0239451
5.71e-007	1.28721	0.0244941
5.72e-007	1.28364	0.0250602
5.73e-007	1.28	0.0256443
5.74e-007	1.27629	0.0262471
5.75e-007	1.2725	0.0268694
5.76e-007	1.26864	0.0275119
5.77e-007	1.2647	0.0281756
5.78e-007	1.26068	0.0288615
5.79e-007	1.25658	0.0295705
5.8e-007	1.2524	0.0303036
5.81e-007	1.24812	0.031062
5.82e-007	1.24376	0.0318468
5.83e-007	1.2393	0.0326592
5.84e-007	1.23475	0.0335006
5.85e-007	1.23009	0.0343724
5.86e-007	1.22534	0.035276
5.87e-007	1.22047	0.036213
5.88e-007	1.2155	0.037185
5.89e-007	1.21041	0.0381939
5.9e-007	1.2052	0.0392416
5.91e-007	1.19988	0.0403299
5.92e-007	1.19442	0.0414612
5.93e-007	1.18884	0.0426376
5.94e-007	1.18312	0.0438617
5.95e-007	1.17725	0.0451361
5.96e-007	1.17124	0.0464635
5.97e-007	1.16508	0.0478471
5.98e-007	1.15876	0.0492901
5.99e-007	1.15228	0.0507959
6e-007	1.14563	0.0523684
6.01e-007	1.1388	0.0540116
6.02e-007	1.13178	0.0557298
6.03e-007	1.12457	0.0575279
6.04e-007	1.11716	0.0594109
6.05e-007	1.10954	0.0613845
6.06e-007	1.10171	0.0634546
6.07e-007	1.09364	0.0656279
6.08e-007	1.08534	0.0679115
6.09e-007	1.07679	0.0703133
6.1e-007	1.06798	0.0728419
6.11e-007	1.0589	0.0755065
6.12e-007	1.04953	0.0783176
6.13e-007	1.03986	0.0812866
6.14e-007	1.02988	0.0844259
6.15e-007	1.01957	0.0877494
6.16e-007	1.00891	0.0912725
6.17e-007	0.997896	0.0950122
6.18e-007	0.986498	0.0989877
6.19e-007	0.9747	0.10322
6.2e-007	0.96248	0.107733
6.21e-007	0.949816	0.112554
6.22e-007	0.936687	0.117712
6.23e-007	0.923067	0.123243
6.24e-007	0.908931	0.129183
6.25e-007	0.894253	0.135578
6.26e-007	0.879005	0.142478
6.27e-007	0.863161	0.14994
6.28e-007	0.846693	0.158029
6.29e-007	0.829575	0.166821
6.3e-007	0.811785	0.176404
6.31e-007	0.793303	0.186877
6.32e-007	0.774116	0.198354
6.33e-007	0.754225	0.210967
6.34e-007	0.733641	0.224865
6.35e-007	0.712401	0.240216
6.36e-007	0.690569	0.257202
6.37e-007	0.668251	0.276021
6.38e-007	0.645601	0.296873
6.39e-007	0.622831	0.319946
6.4e-007	0.600218	0.3454
6.41e-007	0.578094	0.373331
6.42e-007	0.556832	0.403756
6.43e-007	0.536811	0.436589
6.44e-007	0.518375	0.471639
6.45e-007	0.501797	0.508637
6.46e-007	0.48725	0.547266
6.47e-007	0.474811	0.587206
6.48e-007	0.46447	0.628164
6.49e-007	0.456157	0.669898
6.5e-007	0.449766	0.712225
6.51e-007	0.445176	0.755015
6.52e-007	0.442268	0.798189
6.53e-007	0.440932	0.841704
6.54e-007	0.441076	0.88555
6.55e-007	0.442625	0.929739
6.56e-007	0.445522	0.9743
6.57e-007	0.449729	1.01928
6.58e-007	0.455227	1.06472
6.59e-007	0.462013	1.11069
6.6e-007	0.470101	1.15724
6.61e-007	0.479523	1.20446
6.62e-007	0.490327	1.2524
6.63e-007	0.502577	1.30115
6.64e-007	0.516356	1.35078
6.65e-007	0.531766	1.40136
6.66e-007	0.548931	1.45299
6.67e-007	0.567997	1.50572
6.68e-007	0.589136	1.55964
6.69e-007	0.612548	1.61483
6.7e-007	0.638468	1.67134
6.71e-007	0.667166	1.72925
6.72e-007	0.698957	1.78859
6.73e-007	0.734203	1.84938
6.74e-007	0.773323	1.91164
6.75e-007	0.816798	1.97531
6.76e-007	0.86518	2.04031
6.77e-007	0.919098	2.10647
6.78e-007	0.979265	2.17353
6.79e-007	1.04648	2.24109
6.8e-007	1.12162	2.3086
6.81e-007	1.20563	2.37524
6.82e-007	1.2995	2.43995
6.83e-007	1.40419	2.50127
6.84e-007	1.52052	2.55732
6.85e-007	1.64906	2.60571
6.86e-007	1.78991	2.64356
6.87e-007	1.94242	2.66751
6.88e-007	2.10491	2.67394
6.89e-007	2.27441	2.65935
6.9e-007	2.44656	2.62084
6.91e-007	2.61577	2.55684
6.92e-007	2.77578	2.46764
6.93e-007	2.92046	2.3557
6.94e-007	3.04478	2.22548
6.95e-007	3.14555	2.08277
6.96e-007	3.22174	1.93378
6.97e-007	3.27425	1.78425
6.98e-007	3.30546	1.63885
6.99e-007	3.31854	1.50094
7e-007	3.31691	1.37257
7.01e-007	3.30382	1.25475
7.02e-007	3.28215	1.14766
7.03e-007	3.25431	1.051
7.04e-007	3.22224	0.964104
7.05e-007	3.18745	0.886186
7.06e-007	3.15109	0.816378
7.07e-007	3.11403	0.753831
7.08e-007	3.07689	0.69774
7.09e-007	3.04013	0.647365
7.1e-007	3.00406	0.602044
7.11e-007	2.96891	0.561183
7.12e-007	2.93481	0.524262
7.13e-007	2.90186	0.490823
7.14e-007	2.87009	0.460464
7.15e-007	2.83952	0.432838
7.16e-007	2.81014	0.407637
7.17e-007	2.78194	0.384596
7.18e-007	2.75487	0.363481
7.19e-007	2.72892	0.344088
7.2e-007	2.70402	0.326239
7.21e-007	2.68014	0.309777
7.22e-007	2.65723	0.294563
7.23e-007	2.63525	0.280476
7.24e-007	2.61416	0.267407
7.25e-007	2.5939	0.255262
7.26e-007	2.57444	0.243955
7.27e-007	2.55574	0.233412
7.28e-007	2.53776	0.223564
7.29e-007	2.52046	0.214353
7.3e-007	2.50381	0.205724
7.31e-007	2.48777	0.197628
7.32e-007	2.47232	0.190023
7.33e-007	2.45743	0.18287
7.34e-007	2.44306	0.176133
7.35e-007	2.4292	0.16978
7.36e-007	2.41582	0.163782
7.37e-007	2.40289	0.158113
7.38e-007	2.39039	0.15275
7.39e-007	2.37831	0.147669
7.4e-007	2.36662	0.142853
7.41e-007	2.35531	0.138281
7.42e-007	2.34435	0.133938
7.43e-007	2.33374	0.129809
7.44e-007	2.32345	0.12588
7.45e-007	2.31348	0.122137
7.46e-007	2.3038	0.118569
7.47e-007	2.29441	0.115165
7.48e-007	2.2853	0.111915
7.49e-007	2.27644	0.108809
7.5e-007	2.26784	0.10584
7.51e-007	2.25948	0.102999
7.52e-007	2.25135	0.100278
7.53e-007	2.24344	0.0976712
7.54e-007	2.23574	0.0951719
7.55e-007	2.22825	0.0927741
7.56e-007	2.22096	0.0904722
7.57e-007	2.21385	0.0882613
7.58e-007	2.20693	0.0861363
7.59e-007	2.20018	0.0840929
7.6e-007	2.1936	0.0821268
7.61e-007	2.18719	0.0802341
7.62e-007	2.18093	0.0784112
7.63e-007	2.17482	0.0766545
7.64e-007	2.16886	0.0749608
7.65e-007	2.16304	0.0733272
7.66e-007	2.15735	0.0717506
7.67e-007	2.1518	0.0702285
7.68e-007	2.14637	0.0687583
7.69e-007	2.14107	0.0673377
7.7e-007	2.13588	0.0659643
7.71e-007	2.13081	0.064636
7.72e-007	2.12585	0.0633509
7.73e-007	2.12099	0.0621071
7.74e-007	2.11624	0.0609027
7.75e-007	2.11159	0.0597361
7.76e-007	2.10704	0.0586057
7.77e-007	2.10258	0.05751
7.78e-007	2.09822	0.0564475
7.79e-007	2.09394	0.0554169
7.8e-007	2.08975	0.0544168
7.81e-007	2.08564	0.0534461
7.82e-007	2.08161	0.0525035
7.83e-007	2.07767	0.0515881
7.84e-007	2.07379	0.0506986
7.85e-007	2.07	0.0498342
7.86e-007	2.06627	0.0489939
7.87e-007	2.06262	0.0481767
7.88e-007	2.05903	0.0473818
7.89e-007	2.05551	0.0466084
7.9e-007	2.05206	0.0458557
7.91e-007	2.04866	0.0451229
7.92e-007	2.04533	0.0444093
7.93e-007	2.04206	0.0437142
7.94e-007	2.03885	0.0430371
7.95e-007	2.03569	0.0423772
7.96e-007	2.03259	0.0417339
7.97e-007	2.02954	0.0411068
7.98e-007	2.02654	0.0404951
7.99e-007	2.02359	0.0398986
8e-007	2.0207	0.0393165
8.01e-007	2.01785	0.0387484
8.02e-007	2.01505	0.038194
8.03e-007	2.01229	0.0376527
8.04e-007	2.00958	0.037124
8.05e-007	2.00691	0.0366077
8.06e-007	2.00429	0.0361033
8.07e-007	2.00171	0.0356105
8.08e-007	1.99917	0.0351288
8.09e-007	1.99667	0.034658
8.1e-007	1.9942	0.0341977
8.11e-007	1.99178	0.0337475
8.12e-007	1.98939	0.0333073
8.13e-007	1.98704	0.0328766
8.14e-007	1.98472	0.0324552
8.15e-007	1.98244	0.0320429
8.16e-007	1.9802	0.0316393
8.17e-007	1.97798	0.0312442
8.18e-007	1.9758	0.0308574
8.19e-007	1.97365	0.0304786
8.2e-007	1.97153	0.0301076
8.21e-007	1.96944	0.0297442
8.22e-007	1.96738	0.0293882
8.23e-007	1.96536	0.0290393
8.24e-007	1.96335	0.0286974
8.25e-007	1.96138	0.0283622
8.26e-007	1.95944	0.0280337
8.27e-007	1.95752	0.0277116
8.28e-007	1.95562	0.0273957
8.29e-007	1.95376	0.0270859
8.3e-007	1.95191	0.026782
8.31e-007	1.9501	0.0264839
8.32e-007	1.9483	0.0261914
8.33e-007	1.94654	0.0259044
8.34e-007	1.94479	0.0256227
8.35e-007	1.94307	0.0253462
8.36e-007	1.94137	0.0250748
8.37e-007	1.93969	0.0248083
8.38e-007	1.93803	0.0245466
8.39e-007	1.93639	0.0242896
8.4e-007	1.93478	0.0240372
8.41e-007	1.93318	0.0237892
8.42e-007	1.93161	0.0235456
8.43e-007	1.93005	0.0233063
8.44e-007	1.92852	0.0230711
8.45e-007	1.927	0.02284
8.46e-007	1.9255	0.0226128
8.47e-007	1.92402	0.0223895
8.48e-007	1.92256	0.02217
8.49e-007	1.92111	0.0219541
8.5e-007	1.91968	0.0217419
8.51e-007	1.91827	0.0215332
8.52e-007	1.91688	0.0213279
8.53e-007	1.9155	0.021126
8.54e-007	1.91414	0.0209273
8.55e-007	1.91279	0.0207319
8.56e-007	1.91146	0.0205396
8.57e-007	1.91014	0.0203504
8.58e-007	1.90884	0.0201642
8.59e-007	1.90756	0.0199809
8.6e-007	1.90629	0.0198005
8.61e-007	1.90503	0.0196229
8.62e-007	1.90379	0.0194481
8.63e-007	1.90256	0.0192759
8.64e-007	1.90134	0.0191064
8.65e-007	1.90014	0.0189395
8.66e-007	1.89895	0.0187751
8.67e-007	1.89777	0.0186132
8.68e-007	1.89661	0.0184537
8.69e-007	1.89546	0.0182966
8.7e-007	1.89432	0.0181417
8.71e-007	1.89319	0.0179892
8.72e-007	1.89208	0.0178389
8.73e-007	1.89097	0.0176908
8.74e-007	1.88988	0.0175448
8.75e-007	1.8888	0.017401
8.76e-007	1.88773	0.0172591
8.77e-007	1.88668	0.0171193
8.78e-007	1.88563	0.0169815
8.79e-007	1.88459	0.0168456
8.8e-007	1.88357	0.0167117
8.81e-007	1.88255	0.0165795
8.82e-007	1.88155	0.0164493
8.83e-007	1.88055	0.0163208
8.84e-007	1.87957	0.016194
8.85e-007	1.87859	0.016069
8.86e-007	1.87762	0.0159457
8.87e-007	1.87667	0.015824
8.88e-007	1.87572	0.015704
8.89e-007	1.87478	0.0155856
8.9e-007	1.87385	0.0154687
8.91e-007	1.87294	0.0153534
8.92e-007	1.87202	0.0152396
8.93e-007	1.87112	0.0151273
8.94e-007	1.87023	0.0150165
8.95e-007	1.86934	0.014907
8.96e-007	1.86847	0.014799
8.97e-007	1.8676	0.0146924
8.98e-007	1.86674	0.0145871
8.99e-007	1.86589	0.0144832
9e-007	1.86504	0.0143806
9.01e-007	1.8642	0.0142793
9.02e-007	1.86338	0.0141792
9.03e-007	1.86255	0.0140804
9.04e-007	1.86174	0.0139828
9.05e-007	1.86093	0.0138863
9.06e-007	1.86013	0.0137911
9.07e-007	1.85934	0.0136971
9.08e-007	1.85856	0.0136041
9.09e-007	1.85778	0.0135123
9.1e-007	1.85701	0.0134216
9.11e-007	1.85624	0.013332
9.12e-007	1.85549	0.0132435
9.13e-007	1.85473	0.013156
9.14e-007	1.85399	0.0130695
9.15e-007	1.85325	0.0129841
9.16e-007	1.85252	0.0128996
9.17e-007	1.8518	0.0128162
9.18e-007	1.85108	0.0127337
9.19e-007	1.85036	0.0126521
9.2e-007	1.84966	0.0125715
9.21e-007	1.84896	0.0124918
9.22e-007	1.84826	0.012413
9.23e-007	1.84757	0.0123351
9.24e-007	1.84689	0.0122581
9.25e-007	1.84621	0.0121819
9.26e-007	1.84554	0.0121066
9.27e-007	1.84487	0.0120322
9.28e-007	1.84421	0.0119585
9.29e-007	1.84356	0.0118857
9.3e-007	1.84291	0.0118137
9.31e-007	1.84226	0.0117424
9.32e-007	1.84162	0.0116719
9.33e-007	1.84099	0.0116022
9.34e-007	1.84036	0.0115333
9.35e-007	1.83973	0.011465
9.36e-007	1.83911	0.0113976
9.37e-007	1.8385	0.0113308
9.38e-007	1.83789	0.0112647
9.39e-007	1.83729	0.0111994
9.4e-007	1.83669	0.0111347
9.41e-007	1.83609	0.0110707
9.42e-007	1.8355	0.0110074
9.43e-007	1.83491	0.0109447
9.44e-007	1.83433	0.0108826
9.45e-007	1.83376	0.0108213
9.46e-007	1.83318	0.0107605
9.47e-007	1.83261	0.0107004
9.48e-007	1.83205	0.0106408
9.49e-007	1.83149	0.0105819
9.5e-007	1.83094	0.0105236
9.51e-007	1.83038	0.0104658
9.52e-007	1.82984	0.0104087
9.53e-007	1.8293	0.0103521
9.54e-007	1.82876	0.010296
9.55e-007	1.82822	0.0102405
9.56e-007	1.82769	0.0101856
9.57e-007	1.82716	0.0101312
9.58e-007	1.82664	0.0100773
9.59e-007	1.82612	0.010024
9.6e-007	1.82561	0.00997117
9.61e-007	1.8251	0.00991885
9.62e-007	1.82459	0.00986704
9.63e-007	1.82408	0.00981572
9.64e-007	1.82358	0.00976489
9.65e-007	1.82309	0.00971455
9.66e-007	1.82259	0.00966468
9.67e-007	1.8221	0.00961529
9.68e-007	1.82162	0.00956635
9.69e-007	1.82113	0.00951788
9.7e-007	1.82066	0.00946985
9.71e-007	1.82018	0.00942228
9.72e-007	1.81971	0.00937514
9.73e-007	1.81924	0.00932844
9.74e-007	1.81877	0.00928217
9.75e-007	1.81831	0.00923632
9.76e-007	1.81785	0.00919088
9.77e-007	1.81739	0.00914587
9.78e-007	1.81694	0.00910125
9.79e-007	1.81649	0.00905704
9.8e-007	1.81604	0.00901323
9.81e-007	1.8156	0.00896981
9.82e-007	1.81516	0.00892678
9.83e-007	1.81472	0.00888413
9.84e-007	1.81428	0.00884186
9.85e-007	1.81385	0.00879996
9.86e-007	1.81342	0.00875842
9.87e-007	1.813	0.00871726
9.88e-007	1.81257	0.00867645
9.89e-007	1.81215	0.00863599
9.9e-007	1.81174	0.00859589
9.91e-007	1.81132	0.00855613
9.92e-007	1.81091	0.00851672
9.93e-007	1.8105	0.00847764
9.94e-007	1.81009	0.0084389
9.95e-007	1.80969	0.00840048
9.96e-007	1.80929	0.0083624
9.97e-007	1.80889	0.00832463
9.98e-007	1.80849	0.00828718
9.99e-007	1.8081	0.00825005
1e-006	1.80771	0.00821323