3901
5.00E-08	-4.26E-01	1.0967
5.05E-08	-4.41E-01	1.14392
5.10E-08	-4.48E-01	1.19486
5.15E-08	-4.55E-01	1.23819
5.20E-08	-4.63E-01	1.28939
5.25E-08	-4.64E-01	1.34802
5.30E-08	-4.51E-01	1.41364
5.35E-08	-4.25E-01	1.46285
5.40E-08	-4.00E-01	1.50927
5.45E-08	-3.73E-01	1.55328
5.50E-08	-3.42E-01	1.59499
5.55E-08	-3.09E-01	1.63362
5.60E-08	-2.74E-01	1.67002
5.65E-08	-2.35E-01	1.70431
5.70E-08	-1.91E-01	1.73658
5.75E-08	-1.44E-01	1.75855
5.80E-08	-9.86E-02	1.77632
5.85E-08	-5.31E-02	1.79017
5.90E-08	-7.88E-03	1.80028
5.95E-08	3.75E-02	1.80674
6.00E-08	8.26E-02	1.80908
6.05E-08	1.27E-01	1.80749
6.10E-08	1.75E-01	1.80181
6.15E-08	2.15E-01	1.78245
6.20E-08	2.48E-01	1.76383
6.25E-08	2.76E-01	1.74594
6.30E-08	3.02E-01	1.72875
6.35E-08	3.27E-01	1.70993
6.40E-08	3.50E-01	1.6888
6.45E-08	3.69E-01	1.66548
6.50E-08	3.84E-01	1.64008
6.55E-08	3.93E-01	1.61582
6.60E-08	3.98E-01	1.5945
6.65E-08	4.01E-01	1.57595
6.70E-08	4.06E-01	1.55992
6.75E-08	4.10E-01	1.54057
6.80E-08	4.11E-01	1.52052
6.85E-08	4.08E-01	1.49981
6.90E-08	3.99E-01	1.47856
6.95E-08	3.87E-01	1.46696
7.00E-08	3.76E-01	1.45681
7.05E-08	3.65E-01	1.44806
7.10E-08	3.52E-01	1.44066
7.15E-08	3.39E-01	1.43863
7.20E-08	3.27E-01	1.43737
7.25E-08	3.16E-01	1.43676
7.30E-08	3.05E-01	1.43677
7.35E-08	2.93E-01	1.44127
7.40E-08	2.84E-01	1.44558
7.45E-08	2.76E-01	1.44953
7.50E-08	2.67E-01	1.45315
7.55E-08	0.25786	1.4603
7.60E-08	0.250674	1.46722
7.65E-08	0.243898	1.47387
7.70E-08	0.236243	1.48027
7.75E-08	0.229103	1.49029
7.80E-08	0.224329	1.49987
7.85E-08	0.220537	1.50894
7.90E-08	0.217577	1.51754
7.95E-08	0.214386	1.52448
8.00E-08	0.210246	1.53182
8.05E-08	0.205854	1.5396
8.10E-08	0.201213	1.54784
8.15E-08	0.197037	1.55712
8.20E-08	0.193481	1.56642
8.25E-08	0.190315	1.57575
8.30E-08	0.188022	1.58504
8.35E-08	0.184655	1.59249
8.40E-08	0.180134	1.60134
8.45E-08	0.175777	1.61155
8.50E-08	0.17322	1.6229
8.55E-08	0.17079	1.63174
8.60E-08	0.167277	1.64113
8.65E-08	0.163387	1.65106
8.70E-08	0.158928	1.66152
8.75E-08	0.155038	1.67413
8.80E-08	0.152404	1.68653
8.85E-08	0.150128	1.6987
8.90E-08	0.147313	1.71062
8.95E-08	0.145632	1.72513
9.00E-08	0.145866	1.73807
9.05E-08	0.146094	1.74946
9.10E-08	0.144348	1.75935
9.15E-08	0.141684	1.77392
9.20E-08	0.142015	1.78758
9.25E-08	0.142736	1.79996
9.30E-08	0.14248	1.8111
9.35E-08	0.141121	1.82413
9.40E-08	0.140531	1.83752
9.45E-08	0.140214	1.85121
9.50E-08	0.139645	1.86519
9.55E-08	0.140717	1.88174
9.60E-08	0.144043	1.89684
9.65E-08	0.148063	1.91049
9.70E-08	0.152083	1.92273
9.75E-08	0.154462	1.93394
9.80E-08	0.155915	1.94622
9.85E-08	0.1574	1.95958
9.90E-08	0.159437	1.97398
9.95E-08	0.163137	1.98924
1.00E-07	0.168382	2.00374
1.01E-07	0.174621	2.01744
1.01E-07	0.182159	2.03022
1.02E-07	0.189379	2.04029
1.02E-07	0.195704	2.04967
1.03E-07	0.201277	2.05838
1.03E-07	0.205289	2.06657
1.04E-07	0.209517	2.07682
1.04E-07	0.214593	2.08615
1.05E-07	0.219727	2.09459
1.05E-07	0.225055	2.10205
1.06E-07	0.227478	2.10714
1.06E-07	0.227729	2.11449
1.07E-07	0.227828	2.12405
1.07E-07	0.230451	2.13545
1.08E-07	0.232723	2.14307
1.08E-07	0.233263	2.15205
1.09E-07	0.233623	2.16233
1.09E-07	0.234748	2.17389
1.10E-07	0.2374	2.18494
1.10E-07	0.240091	2.19532
1.11E-07	0.242612	2.20514
1.11E-07	0.244502	2.21443
1.12E-07	0.245245	2.22424
1.12E-07	0.245759	2.23505
1.13E-07	0.246557	2.24681
1.13E-07	0.248611	2.25951
1.14E-07	0.251664	2.27016
1.14E-07	0.253684	2.28056
1.15E-07	0.255005	2.2908
1.15E-07	0.254566	2.3009
1.16E-07	0.253911	2.31526
1.16E-07	0.255527	2.32956
1.17E-07	0.258025	2.34368
1.17E-07	0.261119	2.35762
1.18E-07	0.264626	2.37138
1.18E-07	0.268455	2.38498
1.19E-07	0.272595	2.3984
1.19E-07	0.277001	2.41166
1.20E-07	0.281634	2.42476
1.20E-07	0.286454	2.43769
1.21E-07	0.291451	2.45047
1.21E-07	0.296618	2.46309
1.22E-07	0.301909	2.47555
1.22E-07	0.307251	2.48787
1.23E-07	0.312711	2.50004
1.23E-07	0.318288	2.51206
1.24E-07	0.323915	2.52394
1.24E-07	0.329646	2.53568
1.25E-07	0.335407	2.54728
1.25E-07	0.34115	2.55875
1.26E-07	0.346949	2.57008
1.26E-07	0.352762	2.58127
1.27E-07	0.358621	2.59234
1.27E-07	0.36444	2.60328
1.28E-07	0.370213	2.61409
1.28E-07	0.376032	2.62478
1.29E-07	0.381938	2.63535
1.29E-07	0.388938	2.64579
1.30E-07	0.393274	2.65205
1.30E-07	0.394438	2.6616
1.31E-07	0.39565	2.6744
1.31E-07	0.400336	2.69027
1.32E-07	0.40655	2.70153
1.32E-07	0.411296	2.71348
1.33E-07	0.415944	2.72611
1.33E-07	0.420431	2.73938
1.34E-07	0.426773	2.75461
1.34E-07	0.435038	2.76841
1.35E-07	0.443953	2.78082
1.35E-07	0.453294	2.79185
1.36E-07	0.460029	2.79993
1.36E-07	0.464508	2.8104
1.37E-07	0.468953	2.82319
1.37E-07	0.475812	2.83826
1.38E-07	0.484894	2.85043
1.38E-07	0.493345	2.86202
1.39E-07	0.501619	2.87305
1.39E-07	0.509048	2.88355
1.40E-07	0.516377	2.8957
1.40E-07	0.524628	2.90753
1.41E-07	0.533224	2.91905
1.41E-07	0.541999	2.93027
1.42E-07	0.550941	2.94118
1.42E-07	0.559894	2.9518
1.43E-07	0.568878	2.96212
1.43E-07	0.577879	2.97217
1.44E-07	0.586653	2.98193
1.44E-07	0.595263	2.99142
1.45E-07	0.603428	3.00064
1.45E-07	0.610198	3.00964
1.46E-07	0.617259	3.02158
1.46E-07	0.625699	3.03325
1.47E-07	0.634804	3.04465
1.47E-07	0.644281	3.05579
1.48E-07	0.654086	3.06668
1.48E-07	0.664179	3.07731
1.49E-07	0.67443	3.0877
1.49E-07	0.684941	3.09784
1.50E-07	0.695497	3.10774
1.50E-07	0.706272	3.1174
1.51E-07	0.717101	3.12683
1.51E-07	0.728079	3.13604
1.52E-07	0.739143	3.14502
1.52E-07	0.750285	3.15378
1.53E-07	0.761524	3.16233
1.53E-07	0.772768	3.17066
1.54E-07	0.784124	3.17879
1.54E-07	0.795406	3.1867
1.55E-07	0.806727	3.19442
1.55E-07	0.817543	3.20194
1.56E-07	0.828841	3.21068
1.56E-07	0.841	3.21893
1.57E-07	0.853658	3.22669
1.57E-07	0.866518	3.23396
1.58E-07	0.879666	3.24077
1.58E-07	0.892867	3.24711
1.59E-07	0.906267	3.25299
1.59E-07	0.919653	3.25843
1.60E-07	0.933165	3.26343
1.60E-07	0.946641	3.268
1.61E-07	0.960213	3.27215
1.61E-07	0.973701	3.27588
1.62E-07	0.987301	3.2792
1.62E-07	1.00081	3.28212
1.63E-07	1.01444	3.28465
1.63E-07	1.02805	3.28679
1.64E-07	1.04188	3.28856
1.64E-07	1.05592	3.28995
1.65E-07	1.07059	3.29097
1.65E-07	1.08748	3.29164
1.66E-07	1.10372	3.28542
1.66E-07	1.11618	3.27931
1.67E-07	1.12695	3.27336
1.67E-07	1.13655	3.26756
1.68E-07	1.1451	3.26191
1.68E-07	1.15289	3.2564
1.69E-07	1.15986	3.25105
1.69E-07	1.16623	3.24584
1.70E-07	1.17194	3.24077
1.70E-07	1.17712	3.23584
1.71E-07	1.18179	3.23105
1.71E-07	1.18591	3.22639
1.72E-07	1.18963	3.22186
1.72E-07	1.19279	3.21747
1.73E-07	1.19557	3.21321
1.73E-07	1.19787	3.20907
1.74E-07	1.19975	3.20506
1.74E-07	1.20123	3.20117
1.75E-07	1.20219	3.1974
1.75E-07	1.20268	3.19376
1.76E-07	1.20259	3.19047
1.76E-07	1.20221	3.18746
1.77E-07	1.20148	3.1847
1.77E-07	1.20038	3.18219
1.78E-07	1.19902	3.17993
1.78E-07	1.19728	3.17792
1.79E-07	1.19529	3.17615
1.79E-07	1.19303	3.17462
1.80E-07	1.19043	3.17332
1.80E-07	1.18763	3.17226
1.81E-07	1.18447	3.17142
1.81E-07	1.18107	3.1708
1.82E-07	1.17745	3.1704
1.82E-07	1.17346	3.17021
1.83E-07	1.16922	3.17024
1.83E-07	1.16466	3.17048
1.84E-07	1.15977	3.17092
1.84E-07	1.15453	3.17156
1.85E-07	1.14875	3.17241
1.85E-07	1.14223	3.17345
1.86E-07	1.13527	3.17571
1.86E-07	1.12822	3.1785
1.87E-07	1.12108	3.1818
1.87E-07	1.11386	3.18561
1.88E-07	1.1065	3.18993
1.88E-07	1.0991	3.19474
1.89E-07	1.09164	3.20003
1.89E-07	1.08413	3.20581
1.90E-07	1.07663	3.21205
1.90E-07	1.06908	3.21875
1.91E-07	1.06157	3.22591
1.91E-07	1.05411	3.23352
1.92E-07	1.04665	3.24156
1.92E-07	1.03926	3.25004
1.93E-07	1.03198	3.25895
1.93E-07	1.02469	3.26827
1.94E-07	1.01754	3.278
1.94E-07	1.01053	3.28815
1.95E-07	1.00355	3.29868
1.95E-07	0.99675	3.30961
1.96E-07	0.990015	3.32078
1.96E-07	0.983198	3.33245
1.97E-07	0.976522	3.34462
1.97E-07	0.970029	3.35729
1.98E-07	0.963678	3.37044
1.98E-07	0.957573	3.38406
1.99E-07	0.951721	3.39816
1.99E-07	0.946123	3.41272
2.00E-07	0.940827	3.42773
2.00E-07	0.935869	3.44319
2.01E-07	0.931303	3.45909
2.01E-07	0.927055	3.47543
2.02E-07	0.923269	3.49218
2.02E-07	0.919972	3.50936
2.03E-07	0.917097	3.52695
2.03E-07	0.914787	3.54495
2.04E-07	0.913138	3.56334
2.04E-07	0.912068	3.58212
2.05E-07	0.911788	3.60129
2.05E-07	0.912384	3.62085
2.06E-07	0.91405	3.64077
2.06E-07	0.917067	3.66106
2.07E-07	0.922418	3.68171
2.07E-07	0.931101	3.69841
2.08E-07	0.937258	3.71325
2.08E-07	0.942892	3.7278
2.09E-07	0.948346	3.74209
2.09E-07	0.953639	3.75611
2.10E-07	0.958898	3.76987
2.10E-07	0.964111	3.78336
2.11E-07	0.969365	3.7966
2.11E-07	0.974494	3.80958
2.12E-07	0.979627	3.82231
2.12E-07	0.984754	3.8348
2.13E-07	0.9898	3.84704
2.13E-07	0.994764	3.85903
2.14E-07	0.999727	3.87079
2.14E-07	1.00484	3.8819
2.15E-07	1.00895	3.89262
2.15E-07	1.01263	3.9035
2.16E-07	1.01602	3.91455
2.16E-07	1.01925	3.92577
2.17E-07	1.02225	3.93715
2.17E-07	1.02517	3.94868
2.18E-07	1.02803	3.96038
2.18E-07	1.03086	3.97222
2.19E-07	1.03364	3.98422
2.19E-07	1.03643	3.99637
2.20E-07	1.03932	4.00866
2.20E-07	1.04225	4.0211
2.21E-07	1.04532	4.03368
2.21E-07	1.04863	4.0464
2.22E-07	1.05281	4.05896
2.22E-07	1.05643	4.07045
2.23E-07	1.05958	4.08209
2.23E-07	1.06253	4.09387
2.24E-07	1.06536	4.10578
2.24E-07	1.06807	4.11783
2.25E-07	1.0707	4.13001
2.25E-07	1.07329	4.14233
2.26E-07	1.07591	4.15477
2.26E-07	1.07848	4.16734
2.27E-07	1.08103	4.18003
2.27E-07	1.08361	4.19285
2.28E-07	1.08627	4.20579
2.28E-07	1.08893	4.21884
2.29E-07	1.09168	4.23202
2.29E-07	1.09457	4.2453
2.30E-07	1.0978	4.25871
2.30E-07	1.10133	4.27117
2.31E-07	1.10393	4.28364
2.31E-07	1.10629	4.29639
2.32E-07	1.10847	4.30941
2.32E-07	1.11058	4.32269
2.33E-07	1.11258	4.33625
2.33E-07	1.11459	4.35006
2.34E-07	1.11663	4.36414
2.34E-07	1.11875	4.37846
2.35E-07	1.12088	4.39304
2.35E-07	1.12312	4.40787
2.36E-07	1.12548	4.42294
2.36E-07	1.12802	4.43825
2.37E-07	1.13075	4.45379
2.37E-07	1.13368	4.46957
2.38E-07	1.13695	4.48558
2.38E-07	1.14068	4.50182
2.39E-07	1.14564	4.51802
2.39E-07	1.15023	4.53273
2.40E-07	1.15436	4.54752
2.40E-07	1.15833	4.5624
2.41E-07	1.16223	4.57735
2.41E-07	1.1661	4.59239
2.42E-07	1.16984	4.6075
2.42E-07	1.17362	4.6227
2.43E-07	1.17733	4.63796
2.43E-07	1.18108	4.65331
2.44E-07	1.18475	4.66872
2.44E-07	1.18837	4.68421
2.45E-07	1.19198	4.69977
2.45E-07	1.19548	4.71539
2.46E-07	1.19895	4.73109
2.46E-07	1.20221	4.74685
2.47E-07	1.20527	4.76268
2.47E-07	1.20803	4.77857
2.48E-07	1.21023	4.79452
2.48E-07	1.2104	4.81083
2.49E-07	1.21154	4.8314
2.49E-07	1.21469	4.85182
2.50E-07	1.21877	4.87209
2.50E-07	1.22351	4.89221
2.51E-07	1.22875	4.91219
2.51E-07	1.23432	4.93202
2.52E-07	1.24024	4.95171
2.52E-07	1.24641	4.97125
2.53E-07	1.25281	4.99066
2.53E-07	1.25944	5.00992
2.54E-07	1.26611	5.02905
2.54E-07	1.2729	5.04804
2.55E-07	1.27977	5.06689
2.55E-07	1.28666	5.08561
2.56E-07	1.29354	5.10419
2.56E-07	1.30028	5.12264
2.57E-07	1.30683	5.14096
2.57E-07	1.31315	5.15915
2.58E-07	1.31899	5.17721
2.58E-07	1.32404	5.19514
2.59E-07	1.32682	5.21443
2.59E-07	1.331	5.23614
2.60E-07	1.33608	5.25819
2.60E-07	1.34167	5.28056
2.61E-07	1.3477	5.30325
2.61E-07	1.35416	5.32626
2.62E-07	1.36092	5.34958
2.62E-07	1.36812	5.37322
2.63E-07	1.37569	5.39715
2.63E-07	1.38368	5.42139
2.64E-07	1.39214	5.44593
2.64E-07	1.401	5.47076
2.65E-07	1.4103	5.49587
2.65E-07	1.4201	5.52128
2.66E-07	1.43041	5.54696
2.66E-07	1.4413	5.57293
2.67E-07	1.4528	5.59917
2.67E-07	1.46487	5.62567
2.68E-07	1.47766	5.65245
2.68E-07	1.49126	5.67949
2.69E-07	1.50575	5.70679
2.69E-07	1.52145	5.73435
2.70E-07	1.53916	5.76216
2.70E-07	1.55826	5.78693
2.71E-07	1.57656	5.81123
2.71E-07	1.59491	5.83526
2.72E-07	1.61346	5.85904
2.72E-07	1.63228	5.88255
2.73E-07	1.65134	5.9058
2.73E-07	1.6706	5.9288
2.74E-07	1.69015	5.95155
2.74E-07	1.70996	5.97404
2.75E-07	1.72999	5.99629
2.75E-07	1.75029	6.01829
2.76E-07	1.77084	6.04004
2.76E-07	1.79153	6.06156
2.77E-07	1.81245	6.08283
2.77E-07	1.83357	6.10387
2.78E-07	1.85489	6.12467
2.78E-07	1.8764	6.14524
2.79E-07	1.89807	6.16557
2.79E-07	1.91981	6.18568
2.80E-07	1.94168	6.20556
2.80E-07	1.96365	6.22522
2.81E-07	1.98563	6.24465
2.81E-07	2.00751	6.26386
2.82E-07	2.02903	6.28286
2.82E-07	2.049	6.30318
2.83E-07	2.07129	6.3251
2.83E-07	2.09484	6.34655
2.84E-07	2.1192	6.36752
2.84E-07	2.14419	6.38804
2.85E-07	2.16972	6.40809
2.85E-07	2.19566	6.42769
2.86E-07	2.22195	6.44684
2.86E-07	2.24864	6.46554
2.87E-07	2.27563	6.4838
2.87E-07	2.30287	6.50162
2.88E-07	2.33042	6.519
2.88E-07	2.3582	6.53596
2.89E-07	2.38615	6.55249
2.89E-07	2.41428	6.5686
2.90E-07	2.4426	6.58429
2.90E-07	2.47109	6.59957
2.91E-07	2.4997	6.61444
2.91E-07	2.52846	6.6289
2.92E-07	2.55735	6.64296
2.92E-07	2.58624	6.65663
2.93E-07	2.61521	6.6699
2.93E-07	2.64427	6.68278
2.94E-07	2.6733	6.69527
2.94E-07	2.70233	6.70738
2.95E-07	2.73123	6.71912
2.95E-07	2.75978	6.73048
2.96E-07	2.78748	6.74273
2.96E-07	2.8166	6.75535
2.97E-07	2.84635	6.76747
2.97E-07	2.87648	6.7791
2.98E-07	2.9069	6.79024
2.98E-07	2.93757	6.8009
2.99E-07	2.96843	6.81107
2.99E-07	2.99936	6.82076
3.00E-07	3.03044	6.82999
3.00E-07	3.06165	6.83875
3.01E-07	3.09289	6.84704
3.01E-07	3.12421	6.85488
3.02E-07	3.15558	6.86227
3.02E-07	3.18699	6.8692
3.03E-07	3.21835	6.87569
3.03E-07	3.2497	6.88174
3.04E-07	3.28105	6.88736
3.04E-07	3.31238	6.89254
3.05E-07	3.34364	6.89729
3.05E-07	3.37485	6.90162
3.06E-07	3.40597	6.90553
3.06E-07	3.43698	6.90903
3.07E-07	3.46784	6.91211
3.07E-07	3.4986	6.91479
3.08E-07	3.52918	6.91706
3.08E-07	3.55952	6.91893
3.09E-07	3.58961	6.92041
3.09E-07	3.61935	6.92149
3.10E-07	3.64851	6.92219
3.10E-07	3.67578	6.9228
3.11E-07	3.70395	6.92646
3.11E-07	3.73369	6.92948
3.12E-07	3.76408	6.93188
3.12E-07	3.79484	6.93365
3.13E-07	3.82585	6.93481
3.13E-07	3.85706	6.93536
3.14E-07	3.88834	6.9353
3.14E-07	3.91963	6.93465
3.15E-07	3.95092	6.9334
3.15E-07	3.9822	6.93156
3.16E-07	4.01338	6.92915
3.16E-07	4.04443	6.92615
3.17E-07	4.07539	6.92259
3.17E-07	4.10619	6.91846
3.18E-07	4.13677	6.91378
3.18E-07	4.16712	6.90854
3.19E-07	4.19721	6.90274
3.19E-07	4.22706	6.89641
3.20E-07	4.25662	6.88954
3.20E-07	4.28584	6.88213
3.21E-07	4.31471	6.8742
3.21E-07	4.34325	6.86574
3.22E-07	4.37136	6.85676
3.22E-07	4.39895	6.84727
3.23E-07	4.4261	6.83727
3.23E-07	4.45272	6.82677
3.24E-07	4.47874	6.81577
3.24E-07	4.50413	6.80428
3.25E-07	4.52877	6.79229
3.25E-07	4.55256	6.77982
3.26E-07	4.5753	6.76687
3.26E-07	4.59643	6.75345
3.27E-07	4.61451	6.74148
3.27E-07	4.63384	6.73173
3.28E-07	4.65357	6.72198
3.28E-07	4.67331	6.71224
3.29E-07	4.69292	6.70251
3.29E-07	4.71238	6.69278
3.30E-07	4.73165	6.68305
3.30E-07	4.75072	6.67334
3.31E-07	4.76952	6.66363
3.31E-07	4.78811	6.65392
3.32E-07	4.8065	6.64423
3.32E-07	4.82465	6.63454
3.33E-07	4.84257	6.62485
3.33E-07	4.86025	6.61518
3.34E-07	4.87772	6.60551
3.34E-07	4.89497	6.59584
3.35E-07	4.91197	6.58619
3.35E-07	4.92869	6.57654
3.36E-07	4.94518	6.5669
3.36E-07	4.96147	6.55726
3.37E-07	4.97751	6.54764
3.37E-07	4.99331	6.53802
3.38E-07	5.00885	6.5284
3.38E-07	5.02415	6.5188
3.39E-07	5.0392	6.5092
3.39E-07	5.05401	6.49961
3.40E-07	5.06848	6.49003
3.40E-07	5.08268	6.48045
3.41E-07	5.09661	6.47089
3.41E-07	5.11026	6.46133
3.42E-07	5.12353	6.45177
3.42E-07	5.13644	6.44223
3.43E-07	5.14899	6.43269
3.43E-07	5.16106	6.42317
3.44E-07	5.17258	6.41365
3.44E-07	5.18325	6.40414
3.45E-07	5.19198	6.39524
3.45E-07	5.20139	6.38889
3.46E-07	5.21154	6.38269
3.46E-07	5.22194	6.37663
3.47E-07	5.23244	6.37071
3.47E-07	5.243	6.36494
3.48E-07	5.25361	6.35931
3.48E-07	5.26424	6.35382
3.49E-07	5.27483	6.34846
3.49E-07	5.2854	6.34325
3.50E-07	5.29593	6.33817
3.50E-07	5.30648	6.33322
3.51E-07	5.31698	6.32842
3.51E-07	5.32745	6.32374
3.52E-07	5.3379	6.3192
3.52E-07	5.34831	6.31479
3.53E-07	5.3587	6.3105
3.53E-07	5.36908	6.30635
3.54E-07	5.3794	6.30233
3.54E-07	5.38966	6.29843
3.55E-07	5.39991	6.29466
3.55E-07	5.41012	6.29101
3.56E-07	5.42032	6.28749
3.56E-07	5.43049	6.28409
3.57E-07	5.44059	6.28081
3.57E-07	5.45068	6.27765
3.58E-07	5.46075	6.27462
3.58E-07	5.47077	6.2717
3.59E-07	5.48076	6.2689
3.59E-07	5.49064	6.26622
3.60E-07	5.5005	6.26365
3.60E-07	5.51029	6.2612
3.61E-07	5.52002	6.25886
3.61E-07	5.52967	6.25664
3.62E-07	5.53919	6.25453
3.62E-07	5.54858	6.25253
3.63E-07	5.55783	6.25064
3.63E-07	5.56682	6.24886
3.64E-07	5.5755	6.24719
3.64E-07	5.58354	6.24563
3.65E-07	5.59035	6.24417
3.65E-07	5.59511	6.24659
3.66E-07	5.60338	6.25066
3.66E-07	5.61304	6.2546
3.67E-07	5.62359	6.2584
3.67E-07	5.63479	6.26206
3.68E-07	5.64654	6.26558
3.68E-07	5.65878	6.26897
3.69E-07	5.67142	6.27222
3.69E-07	5.6844	6.27534
3.70E-07	5.69768	6.27832
3.70E-07	5.71123	6.28118
3.71E-07	5.72508	6.2839
3.71E-07	5.73916	6.28649
3.72E-07	5.75347	6.28896
3.72E-07	5.76797	6.2913
3.73E-07	5.78265	6.29351
3.73E-07	5.79751	6.2956
3.74E-07	5.81258	6.29756
3.74E-07	5.82778	6.2994
3.75E-07	5.84313	6.30111
3.75E-07	5.85858	6.30271
3.76E-07	5.87415	6.30418
3.76E-07	5.88986	6.30553
3.77E-07	5.90568	6.30677
3.77E-07	5.92161	6.30789
3.78E-07	5.93763	6.30889
3.78E-07	5.95374	6.30977
3.79E-07	5.96993	6.31054
3.79E-07	5.98621	6.3112
3.80E-07	6.00255	6.31174
3.80E-07	6.01897	6.31217
3.81E-07	6.03544	6.31249
3.81E-07	6.05191	6.3127
3.82E-07	6.06844	6.31279
3.82E-07	6.08503	6.31278
3.83E-07	6.10166	6.31266
3.83E-07	6.1183	6.31244
3.84E-07	6.13493	6.31211
3.84E-07	6.15154	6.31167
3.85E-07	6.16817	6.31112
3.85E-07	6.18476	6.31048
3.86E-07	6.20129	6.30973
3.86E-07	6.2177	6.30888
3.87E-07	6.23393	6.30792
3.87E-07	6.2498	6.30687
3.88E-07	6.26455	6.30595
3.88E-07	6.27994	6.3071
3.89E-07	6.29629	6.3081
3.89E-07	6.31314	6.30895
3.90E-07	6.33029	6.30965
3.90E-07	6.34771	6.31021
3.91E-07	6.36536	6.31062
3.91E-07	6.38322	6.31089
3.92E-07	6.40125	6.31102
3.92E-07	6.41942	6.311
3.93E-07	6.43771	6.31085
3.93E-07	6.45612	6.31056
3.94E-07	6.47465	6.31012
3.94E-07	6.4933	6.30955
3.95E-07	6.51205	6.30885
3.95E-07	6.5309	6.30801
3.96E-07	6.54984	6.30703
3.96E-07	6.56885	6.30593
3.97E-07	6.58791	6.30469
3.97E-07	6.6071	6.30332
3.98E-07	6.62633	6.30182
3.98E-07	6.64564	6.30019
3.99E-07	6.665	6.29843
3.99E-07	6.68439	6.29655
4.00E-07	6.70385	6.29454
4.00E-07	6.72334	6.29241
4.01E-07	6.7429	6.29015
4.01E-07	6.76252	6.28777
4.02E-07	6.78217	6.28526
4.02E-07	6.80183	6.28264
4.03E-07	6.82155	6.27989
4.03E-07	6.8413	6.27703
4.04E-07	6.86109	6.27404
4.04E-07	6.8809	6.27094
4.05E-07	6.90076	6.26772
4.05E-07	6.92064	6.26439
4.06E-07	6.94049	6.26094
4.06E-07	6.96037	6.25738
4.07E-07	6.98027	6.2537
4.07E-07	7.0002	6.24992
4.08E-07	7.02011	6.24602
4.08E-07	7.04006	6.24201
4.09E-07	7.05998	6.23789
4.09E-07	7.07988	6.23366
4.10E-07	7.09977	6.22932
4.10E-07	7.11962	6.22488
4.11E-07	7.13947	6.22033
4.11E-07	7.15925	6.21567
4.12E-07	7.17893	6.21091
4.12E-07	7.19843	6.20605
4.13E-07	7.21771	6.20108
4.13E-07	7.23654	6.19601
4.14E-07	7.25403	6.19206
4.14E-07	7.27315	6.18948
4.15E-07	7.29311	6.18666
4.15E-07	7.31356	6.18359
4.16E-07	7.33438	6.18029
4.16E-07	7.35549	6.17676
4.17E-07	7.37687	6.17299
4.17E-07	7.39846	6.16899
4.18E-07	7.42021	6.16476
4.18E-07	7.44214	6.1603
4.19E-07	7.46421	6.15562
4.19E-07	7.4864	6.1507
4.20E-07	7.50869	6.14557
4.20E-07	7.53108	6.14021
4.21E-07	7.55361	6.13464
4.21E-07	7.5762	6.12884
4.22E-07	7.59887	6.12283
4.22E-07	7.62165	6.1166
4.23E-07	7.64444	6.11016
4.23E-07	7.66732	6.10351
4.24E-07	7.69027	6.09664
4.24E-07	7.71327	6.08957
4.25E-07	7.73631	6.08229
4.25E-07	7.75942	6.0748
4.26E-07	7.78253	6.06711
4.26E-07	7.80568	6.05921
4.27E-07	7.82887	6.05112
4.27E-07	7.85208	6.04282
4.28E-07	7.87533	6.03432
4.28E-07	7.8986	6.02563
4.29E-07	7.92189	6.01674
4.29E-07	7.94522	6.00766
4.30E-07	7.96857	5.99839
4.30E-07	7.99194	5.98892
4.31E-07	8.01535	5.97926
4.31E-07	8.03876	5.96942
4.32E-07	8.06221	5.95938
4.32E-07	8.08565	5.94916
4.33E-07	8.10915	5.93876
4.33E-07	8.13266	5.92817
4.34E-07	8.15617	5.9174
4.34E-07	8.17969	5.90646
4.35E-07	8.20328	5.89533
4.35E-07	8.22688	5.88402
4.36E-07	8.25055	5.87254
4.36E-07	8.27424	5.86088
4.37E-07	8.29802	5.84905
4.37E-07	8.32184	5.83704
4.38E-07	8.34572	5.82487
4.38E-07	8.36968	5.81252
4.39E-07	8.39379	5.80001
4.39E-07	8.41798	5.78733
4.40E-07	8.44235	5.77448
4.40E-07	8.46691	5.76146
4.41E-07	8.4917	5.74829
4.41E-07	8.51679	5.73495
4.42E-07	8.5423	5.72144
4.42E-07	8.5685	5.70778
4.43E-07	8.59597	5.69396
4.43E-07	8.62684	5.67736
4.44E-07	8.65435	5.65671
4.44E-07	8.68004	5.63598
4.45E-07	8.70464	5.61517
4.45E-07	8.72846	5.59429
4.46E-07	8.75167	5.57333
4.46E-07	8.77434	5.55229
4.47E-07	8.79655	5.53118
4.47E-07	8.8183	5.51
4.48E-07	8.83969	5.48874
4.48E-07	8.86075	5.46742
4.49E-07	8.88145	5.44602
4.49E-07	8.9018	5.42455
4.50E-07	8.92189	5.40301
4.50E-07	8.94166	5.3814
4.51E-07	8.9612	5.35972
4.51E-07	8.98045	5.33797
4.52E-07	8.99949	5.31615
4.52E-07	9.01826	5.29427
4.53E-07	9.03681	5.27232
4.53E-07	9.0551	5.2503
4.54E-07	9.07318	5.22822
4.54E-07	9.09106	5.20608
4.55E-07	9.10874	5.18387
4.55E-07	9.12621	5.16159
4.56E-07	9.14345	5.13925
4.56E-07	9.16049	5.11686
4.57E-07	9.17736	5.09439
4.57E-07	9.19403	5.07187
4.58E-07	9.21048	5.04929
4.58E-07	9.22677	5.02664
4.59E-07	9.24286	5.00394
4.59E-07	9.25879	4.98118
4.60E-07	9.27457	4.95835
4.60E-07	9.29015	4.93547
4.61E-07	9.30556	4.91254
4.61E-07	9.32081	4.88954
4.62E-07	9.33591	4.86649
4.62E-07	9.35085	4.84339
4.63E-07	9.36562	4.82022
4.63E-07	9.38026	4.79701
4.64E-07	9.39472	4.77373
4.64E-07	9.40902	4.75041
4.65E-07	9.42319	4.72703
4.65E-07	9.43725	4.7036
4.66E-07	9.45113	4.68012
4.66E-07	9.46485	4.65658
4.67E-07	9.47847	4.63299
4.67E-07	9.49199	4.60936
4.68E-07	9.50535	4.58567
4.68E-07	9.51864	4.56193
4.69E-07	9.53178	4.53814
4.69E-07	9.54487	4.51431
4.70E-07	9.55783	4.49042
4.70E-07	9.57073	4.46649
4.71E-07	9.58355	4.44251
4.71E-07	9.59632	4.41848
4.72E-07	9.60904	4.39441
4.72E-07	9.62175	4.37029
4.73E-07	9.63446	4.34612
4.73E-07	9.64717	4.32191
4.74E-07	9.65999	4.29765
4.74E-07	9.67291	4.27335
4.75E-07	9.68599	4.24901
4.75E-07	9.69938	4.22462
4.76E-07	9.71326	4.20019
4.76E-07	9.7279	4.17572
4.77E-07	9.74405	4.1512
4.77E-07	9.76534	4.12384
4.78E-07	9.78186	4.08926
4.78E-07	9.79493	4.05498
4.79E-07	9.80611	4.02097
4.79E-07	9.81582	3.98725
4.80E-07	9.82443	3.95382
4.80E-07	9.83204	3.92066
4.81E-07	9.83883	3.88778
4.81E-07	9.84482	3.85518
4.82E-07	9.85015	3.82286
4.82E-07	9.85481	3.79081
4.83E-07	9.85889	3.75903
4.83E-07	9.86239	3.72752
4.84E-07	9.86542	3.69629
4.84E-07	9.86793	3.66532
4.85E-07	9.86998	3.63462
4.85E-07	9.87158	3.60419
4.86E-07	9.87282	3.57401
4.86E-07	9.87362	3.54411
4.87E-07	9.87408	3.51446
4.87E-07	9.87415	3.48507
4.88E-07	9.87389	3.45594
4.88E-07	9.87331	3.42707
4.89E-07	9.87241	3.39846
4.89E-07	9.8712	3.3701
4.90E-07	9.8697	3.34199
4.90E-07	9.86791	3.31413
4.91E-07	9.86588	3.28652
4.91E-07	9.86353	3.25917
4.92E-07	9.86094	3.23205
4.92E-07	9.85812	3.20519
4.93E-07	9.85508	3.17857
4.93E-07	9.85175	3.15219
4.94E-07	9.84823	3.12606
4.94E-07	9.84448	3.10017
4.95E-07	9.84056	3.07451
4.95E-07	9.83642	3.0491
4.96E-07	9.83207	3.02392
4.96E-07	9.82757	2.99897
4.97E-07	9.82287	2.97427
4.97E-07	9.81798	2.94979
4.98E-07	9.81296	2.92555
4.98E-07	9.80773	2.90153
4.99E-07	9.80236	2.87775
4.99E-07	9.79683	2.85419
5.00E-07	9.79118	2.83087
5.00E-07	9.78538	2.80776
5.01E-07	9.77942	2.78488
5.01E-07	9.7733	2.76223
5.02E-07	9.76711	2.7398
5.02E-07	9.76076	2.71758
5.03E-07	9.7543	2.69559
5.03E-07	9.74774	2.67382
5.04E-07	9.74103	2.65226
5.04E-07	9.7342	2.63092
5.05E-07	9.72728	2.6098
5.05E-07	9.72027	2.58888
5.06E-07	9.71316	2.56819
5.06E-07	9.70598	2.5477
5.07E-07	9.69869	2.52742
5.07E-07	9.6913	2.50735
5.08E-07	9.68386	2.4875
5.08E-07	9.67633	2.46784
5.09E-07	9.66872	2.4484
5.09E-07	9.66105	2.42916
5.10E-07	9.65331	2.41012
5.10E-07	9.64554	2.39129
5.11E-07	9.63767	2.37265
5.11E-07	9.62977	2.35422
5.12E-07	9.62181	2.33599
5.12E-07	9.61379	2.31795
5.13E-07	9.60578	2.30012
5.13E-07	9.59769	2.28248
5.14E-07	9.58959	2.26503
5.14E-07	9.58143	2.24778
5.15E-07	9.57329	2.23072
5.15E-07	9.56512	2.21386
5.16E-07	9.557	2.19718
5.16E-07	9.54889	2.1807
5.17E-07	9.5409	2.1644
5.17E-07	9.53307	2.14793
5.18E-07	9.52495	2.13153
5.18E-07	9.51675	2.11529
5.19E-07	9.50849	2.09922
5.19E-07	9.50015	2.08331
5.20E-07	9.49173	2.06755
5.20E-07	9.48331	2.05196
5.21E-07	9.47481	2.03653
5.21E-07	9.46632	2.02125
5.22E-07	9.45776	2.00613
5.22E-07	9.44916	1.99117
5.23E-07	9.44055	1.97636
5.23E-07	9.43193	1.96171
5.24E-07	9.42331	1.94721
5.24E-07	9.41463	1.93286
5.25E-07	9.4059	1.91867
5.25E-07	9.39717	1.90463
5.26E-07	9.38842	1.89074
5.26E-07	9.37966	1.877
5.27E-07	9.37089	1.8634
5.27E-07	9.3621	1.84996
5.28E-07	9.35333	1.83667
5.28E-07	9.34451	1.82352
5.29E-07	9.33572	1.81051
5.29E-07	9.32694	1.79766
5.30E-07	9.31812	1.78494
5.30E-07	9.30928	1.77237
5.31E-07	9.30049	1.75995
5.31E-07	9.29165	1.74766
5.32E-07	9.28284	1.73552
5.32E-07	9.27404	1.72352
5.33E-07	9.26525	1.71166
5.33E-07	9.25641	1.69994
5.34E-07	9.24766	1.68836
5.34E-07	9.23888	1.67691
5.35E-07	9.23016	1.6656
5.35E-07	9.22143	1.65443
5.36E-07	9.21267	1.6434
5.36E-07	9.20398	1.6325
5.37E-07	9.19525	1.62173
5.37E-07	9.18659	1.6111
5.38E-07	9.17794	1.6006
5.38E-07	9.16928	1.59023
5.39E-07	9.16066	1.58
5.39E-07	9.15211	1.5699
5.40E-07	9.14353	1.55992
5.40E-07	9.13502	1.55008
5.41E-07	9.12653	1.54036
5.41E-07	9.1181	1.53078
5.42E-07	9.10965	1.52132
5.42E-07	9.1013	1.51199
5.43E-07	9.09293	1.50278
5.43E-07	9.08465	1.4937
5.44E-07	9.0764	1.48475
5.44E-07	9.06818	1.47592
5.45E-07	9.06	1.46721
5.45E-07	9.0519	1.45863
5.46E-07	9.04384	1.45017
5.46E-07	9.03583	1.44183
5.47E-07	9.02785	1.43361
5.47E-07	9.01997	1.42552
5.48E-07	9.0121	1.41754
5.48E-07	9.00433	1.40968
5.49E-07	8.99661	1.40195
5.49E-07	8.98895	1.39433
5.50E-07	8.98137	1.38682
5.50E-07	8.97384	1.37944
5.51E-07	8.96641	1.37217
5.51E-07	8.95909	1.36501
5.52E-07	8.95181	1.35798
5.52E-07	8.94467	1.35105
5.53E-07	8.93759	1.34424
5.53E-07	8.9306	1.33755
5.54E-07	8.92371	1.33096
5.54E-07	8.91691	1.32449
5.55E-07	8.91024	1.31813
5.55E-07	8.90372	1.31188
5.56E-07	8.89731	1.30575
5.56E-07	8.89101	1.29972
5.57E-07	8.88483	1.2938
5.57E-07	8.87883	1.28799
5.58E-07	8.87302	1.28229
5.58E-07	8.86733	1.2767
5.59E-07	8.86186	1.27121
5.59E-07	8.85658	1.26583
5.60E-07	8.85154	1.26056
5.60E-07	8.8467	1.25539
5.61E-07	8.84217	1.25033
5.61E-07	8.83798	1.24537
5.62E-07	8.83416	1.24051
5.62E-07	8.83078	1.23576
5.63E-07	8.82807	1.23111
5.63E-07	8.82623	1.22657
5.64E-07	8.82631	1.22212
5.64E-07	8.82787	1.21298
5.65E-07	8.82659	1.20319
5.65E-07	8.82433	1.19346
5.66E-07	8.82148	1.1838
5.66E-07	8.81823	1.17421
5.67E-07	8.81466	1.16468
5.67E-07	8.81086	1.15522
5.68E-07	8.80681	1.14582
5.68E-07	8.80258	1.13649
5.69E-07	8.79816	1.12722
5.69E-07	8.79364	1.11801
5.70E-07	8.78894	1.10887
5.70E-07	8.78417	1.09979
5.71E-07	8.77934	1.09078
5.71E-07	8.77435	1.08182
5.72E-07	8.76934	1.07293
5.72E-07	8.76421	1.0641
5.73E-07	8.75897	1.05534
5.73E-07	8.75371	1.04663
5.74E-07	8.74837	1.03798
5.74E-07	8.74293	1.0294
5.75E-07	8.73748	1.02088
5.75E-07	8.73199	1.01241
5.76E-07	8.72644	1.00401
5.76E-07	8.7208	0.995669
5.77E-07	8.71517	0.987385
5.77E-07	8.70952	0.979161
5.78E-07	8.70379	0.970996
5.78E-07	8.69808	0.962889
5.79E-07	8.6923	0.954841
5.79E-07	8.68646	0.946851
5.80E-07	8.68064	0.938919
5.80E-07	8.67478	0.931045
5.81E-07	8.66886	0.923228
5.81E-07	8.66294	0.915468
5.82E-07	8.65701	0.907765
5.82E-07	8.65104	0.900119
5.83E-07	8.64508	0.892529
5.83E-07	8.63908	0.884995
5.84E-07	8.63307	0.877517
5.84E-07	8.62707	0.870095
5.85E-07	8.62101	0.862728
5.85E-07	8.61497	0.855416
5.86E-07	8.6089	0.848158
5.86E-07	8.60285	0.840956
5.87E-07	8.59672	0.833808
5.87E-07	8.59062	0.826714
5.88E-07	8.58453	0.819673
5.88E-07	8.5784	0.812687
5.89E-07	8.57227	0.805753
5.89E-07	8.5661	0.798873
5.90E-07	8.55995	0.792046
5.90E-07	8.55381	0.785271
5.91E-07	8.5477	0.778549
5.91E-07	8.54152	0.771879
5.92E-07	8.53538	0.76526
5.92E-07	8.52922	0.758694
5.93E-07	8.52306	0.752179
5.93E-07	8.5169	0.745715
5.94E-07	8.51077	0.739302
5.94E-07	8.50457	0.73294
5.95E-07	8.49841	0.726629
5.95E-07	8.49226	0.720368
5.96E-07	8.48612	0.714157
5.96E-07	8.47993	0.707995
5.97E-07	8.47376	0.701884
5.97E-07	8.46765	0.695822
5.98E-07	8.46149	0.689809
5.98E-07	8.45538	0.683845
5.99E-07	8.44928	0.677929
5.99E-07	8.44318	0.672063
6.00E-07	8.43708	0.666244
6.00E-07	8.43101	0.660474
6.01E-07	8.42489	0.654752
6.01E-07	8.4188	0.649077
6.02E-07	8.41273	0.64345
6.02E-07	8.40666	0.637869
6.03E-07	8.40064	0.632336
6.03E-07	8.39457	0.62685
6.04E-07	8.38857	0.621411
6.04E-07	8.38252	0.616017
6.05E-07	8.37655	0.61067
6.05E-07	8.37055	0.605369
6.06E-07	8.36463	0.600114
6.06E-07	8.35866	0.594904
6.07E-07	8.35277	0.58974
6.07E-07	8.34683	0.584621
6.08E-07	8.34098	0.579546
6.08E-07	8.33511	0.574517
6.09E-07	8.32924	0.569532
6.09E-07	8.32345	0.564592
6.10E-07	8.31766	0.559695
6.10E-07	8.31189	0.554843
6.11E-07	8.30612	0.550034
6.11E-07	8.3004	0.545269
6.12E-07	8.29476	0.540547
6.12E-07	8.2891	0.535869
6.13E-07	8.28356	0.531233
6.13E-07	8.278	0.526641
6.14E-07	8.27254	0.522091
6.14E-07	8.26709	0.517583
6.15E-07	8.2617	0.513118
6.15E-07	8.25635	0.508694
6.16E-07	8.25103	0.504313
6.16E-07	8.24582	0.499973
6.17E-07	8.24072	0.495674
6.17E-07	8.23567	0.491417
6.18E-07	8.23075	0.487201
6.18E-07	8.22597	0.483026
6.19E-07	8.22138	0.478892
6.19E-07	8.21704	0.474799
6.20E-07	8.21317	0.470745
6.20E-07	8.21058	0.466337
6.21E-07	8.20722	0.459893
6.21E-07	8.20296	0.453532
6.22E-07	8.19832	0.447255
6.22E-07	8.1934	0.441061
6.23E-07	8.18825	0.434949
6.23E-07	8.18297	0.42892
6.24E-07	8.1775	0.422973
6.24E-07	8.17192	0.417108
6.25E-07	8.16623	0.411323
6.25E-07	8.16042	0.40562
6.26E-07	8.15457	0.399997
6.26E-07	8.14859	0.394454
6.27E-07	8.14259	0.388991
6.27E-07	8.1365	0.383608
6.28E-07	8.13041	0.378303
6.28E-07	8.12425	0.373077
6.29E-07	8.11811	0.36793
6.29E-07	8.11187	0.36286
6.30E-07	8.10562	0.357868
6.30E-07	8.09935	0.352954
6.31E-07	8.093	0.348116
6.31E-07	8.08667	0.343355
6.32E-07	8.08025	0.33867
6.32E-07	8.07385	0.334061
6.33E-07	8.06742	0.329528
6.33E-07	8.06102	0.32507
6.34E-07	8.05456	0.320686
6.34E-07	8.04808	0.316378
6.35E-07	8.04158	0.312143
6.35E-07	8.0351	0.307982
6.36E-07	8.02862	0.303895
6.36E-07	8.02214	0.299881
6.37E-07	8.0157	0.29594
6.37E-07	8.0092	0.292072
6.38E-07	8.00273	0.288275
6.38E-07	7.99625	0.284551
6.39E-07	7.98978	0.280898
6.39E-07	7.98335	0.277316
6.40E-07	7.97687	0.273806
6.40E-07	7.97045	0.270366
6.41E-07	7.96399	0.266996
6.41E-07	7.95757	0.263696
6.42E-07	7.95115	0.260466
6.42E-07	7.94479	0.257305
6.43E-07	7.93837	0.254213
6.43E-07	7.93205	0.25119
6.44E-07	7.92569	0.248236
6.44E-07	7.91941	0.245349
6.45E-07	7.91318	0.242531
6.45E-07	7.90699	0.239779
6.46E-07	7.9008	0.237095
6.46E-07	7.89463	0.234478
6.47E-07	7.88849	0.231928
6.47E-07	7.88235	0.229443
6.48E-07	7.87626	0.227025
6.48E-07	7.87024	0.224673
6.49E-07	7.86419	0.222385
6.49E-07	7.85825	0.220163
6.50E-07	7.85229	0.218006
6.50E-07	7.84639	0.215913
6.51E-07	7.84057	0.213885
6.51E-07	7.83475	0.21192
6.52E-07	7.82901	0.210019
6.52E-07	7.82328	0.208182
6.53E-07	7.81764	0.206408
6.53E-07	7.8121	0.204696
6.54E-07	7.80656	0.203047
6.54E-07	7.80111	0.20146
6.55E-07	7.79571	0.199935
6.55E-07	7.79037	0.198472
6.56E-07	7.78511	0.19707
6.56E-07	7.77993	0.195729
6.57E-07	7.77482	0.19445
6.57E-07	7.76977	0.19323
6.58E-07	7.76477	0.192072
6.58E-07	7.75992	0.190973
6.59E-07	7.75512	0.189934
6.59E-07	7.7504	0.188954
6.60E-07	7.74582	0.188034
6.60E-07	7.7413	0.187172
6.61E-07	7.73693	0.18637
6.61E-07	7.73269	0.185625
6.62E-07	7.72864	0.184939
6.62E-07	7.72472	0.184311
6.63E-07	7.72093	0.183741
6.63E-07	7.715544545	0.183228
6.64E-07	7.711146818	0.182772
6.64E-07	7.706749091	0.182373
6.65E-07	7.702351364	0.18203
6.65E-07	7.697953636	0.181479333
6.66E-07	7.693555909	0.18102319
6.66E-07	7.689158182	0.180567048
6.67E-07	7.684760455	0.180110905
6.67E-07	7.680362727	0.179654762
6.68E-07	7.675965	0.179198619
6.68E-07	7.671567273	0.178742476
6.69E-07	7.667169545	0.178286333
6.69E-07	7.662771818	0.17783019
6.70E-07	7.658374091	0.177374048
6.70E-07	7.653976364	0.176917905
6.71E-07	7.649578636	0.176461762
6.71E-07	7.645180909	0.176005619
6.72E-07	7.640783182	0.175549476
6.72E-07	7.636385455	0.175093333
6.73E-07	7.631987727	0.17463719
6.73E-07	7.62759	0.174181048
6.74E-07	7.623192273	0.173724905
6.74E-07	7.618794545	0.173268762
6.75E-07	7.614396818	0.172812619
6.75E-07	7.609999091	0.172356476
6.76E-07	7.605601364	0.171900333
6.76E-07	7.601203636	0.17144419
6.77E-07	7.596805909	0.170988048
6.77E-07	7.592408182	0.170531905
6.78E-07	7.588010455	0.170075762
6.78E-07	7.583612727	0.169619619
6.79E-07	7.579215	0.169163476
6.79E-07	7.574817273	0.168707333
6.80E-07	7.570419545	0.16825119
6.80E-07	7.566021818	0.167795048
6.81E-07	7.561624091	0.167338905
6.81E-07	7.557226364	0.166882762
6.82E-07	7.54938	0.166426619
6.82E-07	7.54147	0.165970476
6.83E-07	7.53379	0.165514333
6.83E-07	7.52632	0.16505819
6.84E-07	7.51907	0.164602048
6.84E-07	7.51198	0.164145905
6.85E-07	7.50508	0.163689762
6.85E-07	7.49835	0.163233619
6.86E-07	7.49172	0.162777476
6.86E-07	7.48522	0.162321333
6.87E-07	7.47889	0.16186519
6.87E-07	7.47263	0.161409048
6.88E-07	7.46648	0.160952905
6.88E-07	7.46046	0.160496762
6.89E-07	7.45452	0.160040619
6.89E-07	7.44874	0.159584476
6.90E-07	7.44302	0.159128333
6.90E-07	7.43733	0.15867219
6.91E-07	7.43179	0.158216048
6.91E-07	7.42624	0.157759905
6.92E-07	7.42081	0.157303762
6.92E-07	7.41544	0.156847619
6.93E-07	7.41012	0.156391476
6.93E-07	7.40491	0.155935333
6.94E-07	7.3997	0.15547919
6.94E-07	7.39457	0.155023048
6.95E-07	7.3895	0.154566905
6.95E-07	7.38446	0.154110762
6.96E-07	7.37945	0.153654619
6.96E-07	7.37452	0.153198476
6.97E-07	7.36963	0.152742333
6.97E-07	7.36477	0.15228619
6.98E-07	7.36001	0.151830048
6.98E-07	7.35528	0.151373905
6.99E-07	7.3506	0.150917762
6.99E-07	7.34601	0.150461619
7.00E-07	7.34146	0.150005476
7.00E-07	7.33697	0.149549333
7.01E-07	7.33249	0.14909319
7.01E-07	7.32801	0.148637048
7.02E-07	7.3236	0.148180905
7.02E-07	7.31921	0.147724762
7.03E-07	7.31489	0.147268619
7.03E-07	7.31054	0.146812476
7.04E-07	7.30628	0.146356333
7.04E-07	7.30203	0.14590019
7.05E-07	7.2978	0.145444048
7.05E-07	7.29357	0.144987905
7.06E-07	7.28941	0.144531762
7.06E-07	7.28528	0.144075619
7.07E-07	7.28117	0.143619476
7.07E-07	7.27706	0.143163333
7.08E-07	7.27301	0.14270719
7.08E-07	7.269	0.142251048
7.09E-07	7.26502	0.141794905
7.09E-07	7.26111	0.141338762
7.10E-07	7.25716	0.140882619
7.10E-07	7.25327	0.140426476
7.11E-07	7.24943	0.139970333
7.11E-07	7.24555	0.13951419
7.12E-07	7.24175	0.139058048
7.12E-07	7.23794	0.138601905
7.13E-07	7.23413	0.138145762
7.13E-07	7.23037	0.137689619
7.14E-07	7.22665	0.137233476
7.14E-07	7.22293	0.136777333
7.15E-07	7.21922	0.13632119
7.15E-07	7.21554	0.135865048
7.16E-07	7.21187	0.135408905
7.16E-07	7.20819	0.134952762
7.17E-07	7.20456	0.134496619
7.17E-07	7.20099	0.134040476
7.18E-07	7.19741	0.133584333
7.18E-07	7.19384	0.13312819
7.19E-07	7.19035	0.132672048
7.19E-07	7.18693	0.132215905
7.20E-07	7.18346	0.131759762
7.20E-07	7.18007	0.131303619
7.21E-07	7.17664	0.130847476
7.21E-07	7.17325	0.130391333
7.22E-07	7.16987	0.12993519
7.22E-07	7.16651	0.129479048
7.23E-07	7.16319	0.129022905
7.23E-07	7.15983	0.128566762
7.24E-07	7.15654	0.128110619
7.24E-07	7.15322	0.127654476
7.25E-07	7.14993	0.127198333
7.25E-07	7.14669	0.12674219
7.26E-07	7.14343	0.126286048
7.26E-07	7.14016	0.125829905
7.27E-07	7.13694	0.125373762
7.27E-07	7.13375	0.124917619
7.28E-07	7.13056	0.124461476
7.28E-07	7.12735	0.124005333
7.29E-07	7.1242	0.12354919
7.29E-07	7.1211	0.123093048
7.30E-07	7.11798	0.122636905
7.30E-07	7.1149	0.122180762
7.31E-07	7.11185	0.121724619
7.31E-07	7.10877	0.121268476
7.32E-07	7.10575	0.120812333
7.32E-07	7.10268	0.12035619
7.33E-07	7.09968	0.119900048
7.33E-07	7.09666	0.119443905
7.34E-07	7.09363	0.118987762
7.34E-07	7.09066	0.118531619
7.35E-07	7.08765	0.118075476
7.35E-07	7.0847	0.117619333
7.36E-07	7.08173	0.11716319
7.36E-07	7.07877	0.116707048
7.37E-07	7.07579	0.116250905
7.37E-07	7.07288	0.115794762
7.38E-07	7.06992	0.115338619
7.38E-07	7.067	0.114882476
7.39E-07	7.0641	0.114426333
7.39E-07	7.06125	0.11397019
7.40E-07	7.05838	0.113514048
7.40E-07	7.05557	0.113057905
7.41E-07	7.05281	0.112601762
7.41E-07	7.05009	0.112145619
7.42E-07	7.04736	0.111689476
7.42E-07	7.04464	0.111233333
7.43E-07	7.04189	0.11077719
7.43E-07	7.03919	0.110321048
7.44E-07	7.03646	0.109864905
7.44E-07	7.03378	0.109408762
7.45E-07	7.03109	0.108952619
7.45E-07	7.02841	0.108496476
7.46E-07	7.0257	0.108040333
7.46E-07	7.02306	0.10758419
7.47E-07	7.0204	0.107128048
7.47E-07	7.01774	0.106671905
7.48E-07	7.01509	0.106215762
7.48E-07	7.01243	0.105759619
7.49E-07	7.0098	0.105303476
7.49E-07	7.00718	0.104847333
7.50E-07	7.00459	0.10439119
7.50E-07	7.00196	0.103935048
7.51E-07	6.99941	0.103478905
7.51E-07	6.99682	0.103022762
7.52E-07	6.99431	0.102566619
7.52E-07	6.99176	0.102110476
7.53E-07	6.98927	0.101654333
7.53E-07	6.98674	0.10119819
7.54E-07	6.98423	0.100742048
7.54E-07	6.98174	0.100285905
7.55E-07	6.97925	0.099829762
7.55E-07	6.97676	0.099373619
7.56E-07	6.97431	0.098917476
7.56E-07	6.97184	0.098461333
7.57E-07	6.96935	0.09800519
7.57E-07	6.96692	0.097549048
7.58E-07	6.96447	0.097092905
7.58E-07	6.96202	0.096636762
7.59E-07	6.95958	0.096180619
7.59E-07	6.95711	0.095724476
7.60E-07	6.9547	0.095268333
7.60E-07	6.95225	0.09481219
7.61E-07	6.94984	0.094356048
7.61E-07	6.94746	0.093899905
7.62E-07	6.94505	0.093443762
7.62E-07	6.94269	0.092987619
7.63E-07	6.94039	0.092531476
7.63E-07	6.93808	0.092075333
7.64E-07	6.93581	0.09161919
7.64E-07	6.93355	0.091163048
7.65E-07	6.93129	0.090706905
7.65E-07	6.92906	0.090250762
7.66E-07	6.9268	0.089794619
7.66E-07	6.92455	0.089338476
7.67E-07	6.92231	0.088882333
7.67E-07	6.92007	0.08842619
7.68E-07	6.91783	0.087970048
7.68E-07	6.91557	0.087513905
7.69E-07	6.91335	0.087057762
7.69E-07	6.91115	0.086601619
7.70E-07	6.90894	0.086145476
7.70E-07	6.90673	0.085689333
7.71E-07	6.90452	0.08523319
7.71E-07	6.90232	0.084777048
7.72E-07	6.9001	0.084320905
7.72E-07	6.89791	0.083864762
7.73E-07	6.89575	0.083408619
7.73E-07	6.89358	0.082952476
7.74E-07	6.89141	0.082496333
7.74E-07	6.88924	0.08204019
7.75E-07	6.88714	0.081584048
7.75E-07	6.88503	0.081127905
7.76E-07	6.88293	0.080671762
7.76E-07	6.88084	0.080215619
7.77E-07	6.87872	0.079759476
7.77E-07	6.87663	0.079303333
7.78E-07	6.87457	0.07884719
7.78E-07	6.87249	0.078391048
7.79E-07	6.87038	0.077934905
7.79E-07	6.86833	0.077478762
7.80E-07	6.86623	0.077022619
7.80E-07	6.86419	0.076566476
7.81E-07	6.8621	0.076110333
7.81E-07	6.86007	0.07565419
7.82E-07	6.85799	0.075198048
7.82E-07	6.85595	0.074741905
7.83E-07	6.85387	0.074285762
7.83E-07	6.85185	0.073829619
7.84E-07	6.84977	0.073373476
7.84E-07	6.84773	0.072917333
7.85E-07	6.84572	0.07246119
7.85E-07	6.84367	0.072005048
7.86E-07	6.84169	0.071548905
7.86E-07	6.83967	0.071092762
7.87E-07	6.83771	0.070636619
7.87E-07	6.83578	0.070180476
7.88E-07	6.83391	0.069724333
7.88E-07	6.832	0.06926819
7.89E-07	6.83011	0.068812048
7.89E-07	6.82823	0.068355905
7.90E-07	6.82636	0.067899762
7.90E-07	6.82445	0.067443619
7.91E-07	6.8226	0.066987476
7.91E-07	6.82071	0.066531333
7.92E-07	6.81883	0.06607519
7.92E-07	6.81696	0.065619048
7.93E-07	6.81506	0.065162905
7.93E-07	6.81319	0.064706762
7.94E-07	6.81132	0.064250619
7.94E-07	6.80948	0.063794476
7.95E-07	6.80762	0.063338333
7.95E-07	6.80573	0.06288219
7.96E-07	6.80388	0.062426048
7.96E-07	6.80202	0.061969905
7.97E-07	6.8002	0.061513762
7.97E-07	6.79832	0.061057619
7.98E-07	6.79648	0.060601476
7.98E-07	6.79465	0.060145333
7.99E-07	6.79286	0.05968919
7.99E-07	6.79105	0.059233048
8.00E-07	6.78926	0.058776905
8.00E-07	6.78745	0.058320762
8.01E-07	6.78568	0.057864619
8.01E-07	6.78391	0.057408476
8.02E-07	6.78218	0.056952333
8.02E-07	6.78041	0.05649619
8.03E-07	6.77865	0.056040048
8.03E-07	6.77689	0.055583905
8.04E-07	6.77513	0.055127762
8.04E-07	6.77335	0.054671619
8.05E-07	6.77159	0.054215476
8.05E-07	6.76987	0.053759333
8.06E-07	6.76809	0.05330319
8.06E-07	6.76637	0.052847048
8.07E-07	6.76461	0.052390905
8.07E-07	6.76289	0.051934762
8.08E-07	6.76112	0.051478619
8.08E-07	6.75937	0.051022476
8.09E-07	6.75763	0.050566333
8.09E-07	6.75589	0.05011019
8.10E-07	6.75419	0.049654048
8.10E-07	6.75247	0.049197905
8.11E-07	6.75075	0.048741762
8.11E-07	6.74902	0.048285619
8.12E-07	6.74734	0.047829476
8.12E-07	6.74567	0.047373333
8.13E-07	6.74404	0.04691719
8.13E-07	6.74243	0.046461048
8.14E-07	6.74086	0.046004905
8.14E-07	6.73926	0.045548762
8.15E-07	6.73766	0.045092619
8.15E-07	6.73604	0.044636476
8.16E-07	6.73447	0.044180333
8.16E-07	6.73287	0.04372419
8.17E-07	6.73125	0.043268048
8.17E-07	6.72968	0.042811905
8.18E-07	6.72809	0.042355762
8.18E-07	6.7265	0.041899619
8.19E-07	6.72491	0.041443476
8.19E-07	6.72332	0.040987333
8.20E-07	6.72174	0.04053119
8.20E-07	6.72013	0.040075048
8.21E-07	6.71854	0.039618905
8.21E-07	6.71699	0.039162762
8.22E-07	6.71538	0.038706619
8.22E-07	6.71383	0.038250476
8.23E-07	6.71223	0.037794333
8.23E-07	6.71069	0.03733819
8.24E-07	6.70912	0.036882048
8.24E-07	6.70753	0.036425905
8.25E-07	6.706	0.035969762
8.25E-07	6.70443	0.035513619
8.26E-07	6.70289	0.035057476
8.26E-07	6.7014	0.034601333
8.27E-07	6.69987	0.03414519
8.27E-07	6.69839	0.033689048
8.28E-07	6.6969	0.033232905
8.28E-07	6.6954	0.032776762
8.29E-07	6.69388	0.032320619
8.29E-07	6.69241	0.031864476
8.30E-07	6.69089	0.031408333
8.30E-07	6.68939	0.03095219
8.31E-07	6.68792	0.030496048
8.31E-07	6.6864	0.030039905
8.32E-07	6.68491	0.029583762
8.32E-07	6.68342	0.029127619
8.33E-07	6.68192	0.028671476
8.33E-07	6.68044	0.028215333
8.34E-07	6.67895	0.02775919
8.34E-07	6.67748	0.027303048
8.35E-07	6.67596	0.026846905
8.35E-07	6.67447	0.026390762
8.36E-07	6.67298	0.025934619
8.36E-07	6.67149	0.025478476
8.37E-07	6.67001	0.025022333
8.37E-07	6.66853	0.02456619
8.38E-07	6.66708	0.024110048
8.38E-07	6.66561	0.023653905
8.39E-07	6.66413	0.023197762
8.39E-07	6.66272	0.022741619
8.40E-07	6.66128	0.022285476
8.40E-07	6.65989	0.021829333
8.41E-07	6.65855	0.02137319
8.41E-07	6.6572	0.020917048
8.42E-07	6.65586	0.020460905
8.42E-07	6.65452	0.020004762
8.43E-07	6.65316	0.019548619
8.43E-07	6.65179	0.019092476
8.44E-07	6.65044	0.018636333
8.44E-07	6.64912	0.01818019
8.45E-07	6.64774	0.017724048
8.45E-07	6.64639	0.017267905
8.46E-07	6.64506	0.016811762
8.46E-07	6.64369	0.016355619
8.47E-07	6.64236	0.015899476
8.47E-07	6.64099	0.015443333
8.48E-07	6.63964	0.01498719
8.48E-07	6.63829	0.014531048
8.49E-07	6.63694	0.014074905
8.49E-07	6.6356	0.013618762
8.50E-07	6.63427	0.013162619
8.50E-07	6.63293	0.012706476
8.51E-07	6.63156	0.012250333
8.51E-07	6.63021	0.01179419
8.52E-07	6.62887	0.011338048
8.52E-07	6.62753	0.010881905
8.53E-07	6.6262	0.010425762
8.53E-07	6.6249	0.009969619
8.54E-07	6.62358	0.009513476
8.54E-07	6.62228	0.009057333
8.55E-07	6.62096	0.00860119
8.55E-07	6.6197	0.008145048
8.56E-07	6.61839	0.007688905
8.56E-07	6.61714	0.007232762
8.57E-07	6.61584	0.006776619
8.57E-07	6.61456	0.006320476
8.58E-07	6.61331	0.005864333
8.58E-07	6.61201	0.00540819
8.59E-07	6.61073	0.004952048
8.59E-07	6.60945	0.004495905
8.60E-07	6.6082	0.004039762
8.60E-07	6.6069	0.003583619
8.61E-07	6.60562	0.003127476
8.61E-07	6.60437	0.002671333
8.62E-07	6.60307	0.00221519
8.62E-07	6.6018	0.001759048
8.63E-07	6.60055	0.001302905
8.63E-07	6.59927	0.000846762
8.64E-07	6.59797	0.000390619
8.64E-07	6.59669	0
8.65E-07	6.59541	0
8.65E-07	6.59416	0
8.66E-07	6.5929	0
8.66E-07	6.59163	0
8.67E-07	6.59034	0
8.67E-07	6.58911	0
8.68E-07	6.58786	0
8.68E-07	6.5866	0
8.69E-07	6.58539	0
8.69E-07	6.58422	0
8.70E-07	6.58302	0
8.70E-07	6.58186	0
8.71E-07	6.58072	0
8.71E-07	6.5796	0
8.72E-07	6.57843	0
8.72E-07	6.57728	0
8.73E-07	6.57612	0
8.73E-07	6.575	0
8.74E-07	6.57382	0
8.74E-07	6.57269	0
8.75E-07	6.57151	0
8.75E-07	6.57038	0
8.76E-07	6.5692	0
8.76E-07	6.56805	0
8.77E-07	6.56692	0
8.77E-07	6.56577	0
8.78E-07	6.56462	0
8.78E-07	6.56344	0
8.79E-07	6.56228	0
8.79E-07	6.56116	0
8.80E-07	6.55998	0
8.80E-07	6.55885	0
8.81E-07	6.55767	0
8.81E-07	6.55655	0
8.82E-07	6.55537	0
8.82E-07	6.55425	0
8.83E-07	6.55311	0
8.83E-07	6.55195	0
8.84E-07	6.55084	0
8.84E-07	6.54969	0
8.85E-07	6.54861	0
8.85E-07	6.54751	0
8.86E-07	6.54641	0
8.86E-07	6.54528	0
8.87E-07	6.54418	0
8.87E-07	6.5431	0
8.88E-07	6.54197	0
8.88E-07	6.54089	0
8.89E-07	6.53979	0
8.89E-07	6.53866	0
8.90E-07	6.53757	0
8.90E-07	6.53647	0
8.91E-07	6.5354	0
8.91E-07	6.5343	0
8.92E-07	6.53321	0
8.92E-07	6.53212	0
8.93E-07	6.53104	0
8.93E-07	6.52995	0
8.94E-07	6.52884	0
8.94E-07	6.52776	0
8.95E-07	6.52667	0
8.95E-07	6.52558	0
8.96E-07	6.52452	0
8.96E-07	6.52344	0
8.97E-07	6.52237	0
8.97E-07	6.5213	0
8.98E-07	6.52023	0
8.98E-07	6.51915	0
8.99E-07	6.5181	0
8.99E-07	6.51709	0
9.00E-07	6.51606	0
9.00E-07	6.51503	0
9.01E-07	6.51405	0
9.01E-07	6.5131	0
9.02E-07	6.51215	0
9.02E-07	6.51113	0
9.03E-07	6.51012	0
9.03E-07	6.50913	0
9.04E-07	6.5081	0
9.04E-07	6.50711	0
9.05E-07	6.50611	0
9.05E-07	6.5051	0
9.06E-07	6.50407	0
9.06E-07	6.50306	0
9.07E-07	6.50208	0
9.07E-07	6.50105	0
9.08E-07	6.50005	0
9.08E-07	6.49905	0
9.09E-07	6.49807	0
9.09E-07	6.49705	0
9.10E-07	6.49608	0
9.10E-07	6.49508	0
9.11E-07	6.49407	0
9.11E-07	6.49309	0
9.12E-07	6.4921	0
9.12E-07	6.49109	0
9.13E-07	6.49012	0
9.13E-07	6.48912	0
9.14E-07	6.48813	0
9.14E-07	6.48717	0
9.15E-07	6.48618	0
9.15E-07	6.4852	0
9.16E-07	6.48424	0
9.16E-07	6.4833	0
9.17E-07	6.48235	0
9.17E-07	6.48139	0
9.18E-07	6.48046	0
9.18E-07	6.47954	0
9.19E-07	6.47862	0
9.19E-07	6.47767	0
9.20E-07	6.47671	0
9.20E-07	6.47578	0
9.21E-07	6.47483	0
9.21E-07	6.47387	0
9.22E-07	6.47293	0
9.22E-07	6.47199	0
9.23E-07	6.47104	0
9.23E-07	6.47012	0
9.24E-07	6.46919	0
9.24E-07	6.46825	0
9.25E-07	6.46731	0
9.25E-07	6.46638	0
9.26E-07	6.46545	0
9.26E-07	6.46452	0
9.27E-07	6.46358	0
9.27E-07	6.46265	0
9.28E-07	6.4617	0
9.28E-07	6.46077	0
9.29E-07	6.45986	0
9.29E-07	6.45891	0
9.30E-07	6.45798	0
9.30E-07	6.45709	0
9.31E-07	6.45617	0
9.31E-07	6.45525	0
9.32E-07	6.45434	0
9.32E-07	6.45342	0
9.33E-07	6.45255	0
9.33E-07	6.45166	0
9.34E-07	6.45081	0
9.34E-07	6.44997	0
9.35E-07	6.44912	0
9.35E-07	6.4483	0
9.36E-07	6.44749	0
9.36E-07	6.44663	0
9.37E-07	6.44576	0
9.37E-07	6.44488	0
9.38E-07	6.44404	0
9.38E-07	6.44317	0
9.39E-07	6.44229	0
9.39E-07	6.44143	0
9.40E-07	6.44056	0
9.40E-07	6.43972	0
9.41E-07	6.43884	0
9.41E-07	6.438	0
9.42E-07	6.43714	0
9.42E-07	6.43628	0
9.43E-07	6.43541	0
9.43E-07	6.43455	0
9.44E-07	6.4337	0
9.44E-07	6.43284	0
9.45E-07	6.43201	0
9.45E-07	6.43115	0
9.46E-07	6.4303	0
9.46E-07	6.42943	0
9.47E-07	6.4286	0
9.47E-07	6.42775	0
9.48E-07	6.42689	0
9.48E-07	6.42607	0
9.49E-07	6.42522	0
9.49E-07	6.42437	0
9.50E-07	6.42353	0
9.50E-07	6.4227	0
9.51E-07	6.4219	0
9.51E-07	6.42108	0
9.52E-07	6.42027	0
9.52E-07	6.41947	0
9.53E-07	6.41867	0
9.53E-07	6.41788	0
9.54E-07	6.41706	0
9.54E-07	6.41625	0
9.55E-07	6.4154	0
9.55E-07	6.41458	0
9.56E-07	6.41375	0
9.56E-07	6.41291	0
9.57E-07	6.41209	0
9.57E-07	6.41128	0
9.58E-07	6.41047	0
9.58E-07	6.40964	0
9.59E-07	6.40882	0
9.59E-07	6.40803	0
9.60E-07	6.40723	0
9.60E-07	6.40641	0
9.61E-07	6.40562	0
9.61E-07	6.40484	0
9.62E-07	6.40404	0
9.62E-07	6.40325	0
9.63E-07	6.40247	0
9.63E-07	6.40169	0
9.64E-07	6.40091	0
9.64E-07	6.40013	0
9.65E-07	6.39935	0
9.65E-07	6.39857	0
9.66E-07	6.39779	0
9.66E-07	6.39703	0
9.67E-07	6.39628	0
9.67E-07	6.39553	0
9.68E-07	6.39478	0
9.68E-07	6.39404	0
9.69E-07	6.39331	0
9.69E-07	6.39259	0
9.70E-07	6.39187	0
9.70E-07	6.39118	0
9.71E-07	6.39051	0
9.71E-07	6.38986	0
9.72E-07	6.3892	0
9.72E-07	6.38852	0
9.73E-07	6.38779	0
9.73E-07	6.387	0
9.74E-07	6.38621	0
9.74E-07	6.38541	0
9.75E-07	6.38462	0
9.75E-07	6.38383	0
9.76E-07	6.38307	0
9.76E-07	6.38227	0
9.77E-07	6.38151	0
9.77E-07	6.38074	0
9.78E-07	6.37997	0
9.78E-07	6.3792	0
9.79E-07	6.37844	0
9.79E-07	6.37768	0
9.80E-07	6.37691	0
9.80E-07	6.37616	0
9.81E-07	6.37541	0
9.81E-07	6.37467	0
9.82E-07	6.37391	0
9.82E-07	6.37317	0
9.83E-07	6.37243	0
9.83E-07	6.37169	0
9.84E-07	6.37097	0
9.84E-07	6.37023	0
9.85E-07	6.36952	0
9.85E-07	6.3688	0
9.86E-07	6.36808	0
9.86E-07	6.36735	0
9.87E-07	6.36663	0
9.87E-07	6.36593	0
9.88E-07	6.36523	0
9.88E-07	6.36453	0
9.89E-07	6.36385	0
9.89E-07	6.36318	0
9.90E-07	6.36251	0
9.90E-07	6.36185	0
9.91E-07	6.36118	0
9.91E-07	6.36053	0
9.92E-07	6.35987	0
9.92E-07	6.35915	0
9.93E-07	6.35843	0
9.93E-07	6.35773	0
9.94E-07	6.35701	0
9.94E-07	6.35629	0
9.95E-07	6.3556	0
9.95E-07	6.3549	0
9.96E-07	6.35419	0
9.96E-07	6.35349	0
9.97E-07	6.3528	0
9.97E-07	6.3521	0
9.98E-07	6.35142	0
9.98E-07	6.35072	0
9.99E-07	6.35004	0
9.99E-07	6.34937	0
1.00E-06	6.34868	0
1.00E-06	6.34801	0
1.00E-06	6.34734	0
1.00E-06	6.34666	0
1.00E-06	6.34598	0
1.00E-06	6.34531	0
1.00E-06	6.34465	0
1.00E-06	6.34399	0
1.00E-06	6.34332	0
1.00E-06	6.34265	0
1.00E-06	6.34201	0
1.01E-06	6.34134	0
1.01E-06	6.34071	0
1.01E-06	6.34006	0
1.01E-06	6.33941	0
1.01E-06	6.33879	0
1.01E-06	6.33817	0
1.01E-06	6.33755	0
1.01E-06	6.33695	0
1.01E-06	6.33635	0
1.01E-06	6.33578	0
1.01E-06	6.33521	0
1.01E-06	6.33466	0
1.01E-06	6.3341	0
1.01E-06	6.33351	0
1.01E-06	6.33286	0
1.01E-06	6.33217	0
1.01E-06	6.33151	0
1.01E-06	6.33082	0
1.01E-06	6.33014	0
1.01E-06	6.32948	0
1.02E-06	6.3288	0
1.02E-06	6.32813	0
1.02E-06	6.32746	0
1.02E-06	6.3268	0
1.02E-06	6.32614	0
1.02E-06	6.32549	0
1.02E-06	6.32482	0
1.02E-06	6.32418	0
1.02E-06	6.32352	0
1.02E-06	6.32288	0
1.02E-06	6.32224	0
1.02E-06	6.32159	0
1.02E-06	6.32095	0
1.02E-06	6.32031	0
1.02E-06	6.31968	0
1.02E-06	6.31905	0
1.02E-06	6.31842	0
1.02E-06	6.31778	0
1.02E-06	6.31715	0
1.02E-06	6.31653	0
1.03E-06	6.31592	0
1.03E-06	6.31529	0
1.03E-06	6.31467	0
1.03E-06	6.31406	0
1.03E-06	6.31346	0
1.03E-06	6.31285	0
1.03E-06	6.31225	0
1.03E-06	6.31166	0
1.03E-06	6.31108	0
1.03E-06	6.31049	0
1.03E-06	6.30991	0
1.03E-06	6.30934	0
1.03E-06	6.30879	0
1.03E-06	6.30823	0
1.03E-06	6.30767	0
1.03E-06	6.30709	0
1.03E-06	6.30648	0
1.03E-06	6.30586	0
1.03E-06	6.30526	0
1.03E-06	6.30465	0
1.04E-06	6.30403	0
1.04E-06	6.30344	0
1.04E-06	6.30282	0
1.04E-06	6.30222	0
1.04E-06	6.30163	0
1.04E-06	6.30104	0
1.04E-06	6.30044	0
1.04E-06	6.29984	0
1.04E-06	6.29925	0
1.04E-06	6.29866	0
1.04E-06	6.29809	0
1.04E-06	6.2975	0
1.04E-06	6.29691	0
1.04E-06	6.29634	0
1.04E-06	6.29577	0
1.04E-06	6.29519	0
1.04E-06	6.29461	0
1.04E-06	6.29403	0
1.04E-06	6.29347	0
1.04E-06	6.2929	0
1.05E-06	6.29232	0
1.05E-06	6.29176	0
1.05E-06	6.29119	0
1.05E-06	6.29064	0
1.05E-06	6.29009	0
1.05E-06	6.28953	0
1.05E-06	6.28898	0
1.05E-06	6.28843	0
1.05E-06	6.28789	0
1.05E-06	6.28736	0
1.05E-06	6.28683	0
1.05E-06	6.28631	0
1.05E-06	6.28581	0
1.05E-06	6.28531	0
1.05E-06	6.28483	0
1.05E-06	6.28435	0
1.05E-06	6.28388	0
1.05E-06	6.28343	0
1.05E-06	6.28293	0
1.05E-06	6.28239	0
1.06E-06	6.28182	0
1.06E-06	6.28124	0
1.06E-06	6.28065	0
1.06E-06	6.28007	0
1.06E-06	6.27949	0
1.06E-06	6.27892	0
1.06E-06	6.27834	0
1.06E-06	6.27776	0
1.06E-06	6.2772	0
1.06E-06	6.27662	0
1.06E-06	6.27605	0
1.06E-06	6.27549	0
1.06E-06	6.27493	0
1.06E-06	6.27437	0
1.06E-06	6.2738	0
1.06E-06	6.27325	0
1.06E-06	6.27269	0
1.06E-06	6.27214	0
1.06E-06	6.27159	0
1.06E-06	6.27104	0
1.07E-06	6.27051	0
1.07E-06	6.26995	0
1.07E-06	6.26941	0
1.07E-06	6.26887	0
1.07E-06	6.26834	0
1.07E-06	6.26779	0
1.07E-06	6.26726	0
1.07E-06	6.26673	0
1.07E-06	6.26621	0
1.07E-06	6.26568	0
1.07E-06	6.26515	0
1.07E-06	6.26462	0
1.07E-06	6.26411	0
1.07E-06	6.26359	0
1.07E-06	6.26309	0
1.07E-06	6.26257	0
1.07E-06	6.26207	0
1.07E-06	6.26158	0
1.07E-06	6.26109	0
1.07E-06	6.26061	0
1.08E-06	6.26013	0
1.08E-06	6.25964	0
1.08E-06	6.25917	0
1.08E-06	6.25869	0
1.08E-06	6.2582	0
1.08E-06	6.25768	0
1.08E-06	6.25716	0
1.08E-06	6.25664	0
1.08E-06	6.25611	0
1.08E-06	6.25559	0
1.08E-06	6.25508	0
1.08E-06	6.25456	0
1.08E-06	6.25405	0
1.08E-06	6.25353	0
1.08E-06	6.25303	0
1.08E-06	6.25252	0
1.08E-06	6.25201	0
1.08E-06	6.2515	0
1.08E-06	6.251	0
1.08E-06	6.2505	0
1.09E-06	6.25	0
1.09E-06	6.2495	0
1.09E-06	6.24901	0
1.09E-06	6.24851	0
1.09E-06	6.24802	0
1.09E-06	6.24752	0
1.09E-06	6.24704	0
1.09E-06	6.24655	0
1.09E-06	6.24606	0
1.09E-06	6.24557	0
1.09E-06	6.24509	0
1.09E-06	6.24459	0
1.09E-06	6.24411	0
1.09E-06	6.24363	0
1.09E-06	6.24316	0
1.09E-06	6.24268	0
1.09E-06	6.24221	0
1.09E-06	6.24174	0
1.09E-06	6.24128	0
1.09E-06	6.24081	0
1.10E-06	6.24035	0
1.10E-06	6.2399	0
1.10E-06	6.23946	0
1.10E-06	6.23902	0
1.10E-06	6.23859	0
1.10E-06	6.23816	0
1.10E-06	6.23775	0
1.10E-06	6.23735	0
1.10E-06	6.23695	0
1.10E-06	6.23656	0
1.10E-06	6.23616	0
1.10E-06	6.23574	0
1.10E-06	6.23527	0
1.10E-06	6.23477	0
1.10E-06	6.23428	0
1.10E-06	6.23378	0
1.10E-06	6.23328	0
1.10E-06	6.23279	0
1.10E-06	6.2323	0
1.10E-06	6.2318	0
1.11E-06	6.23132	0
1.11E-06	6.23083	0
1.11E-06	6.23034	0
1.11E-06	6.22986	0
1.11E-06	6.22937	0
1.11E-06	6.22889	0
1.11E-06	6.22841	0
1.11E-06	6.22793	0
1.11E-06	6.22745	0
1.11E-06	6.22698	0
1.11E-06	6.22651	0
1.11E-06	6.22604	0
1.11E-06	6.22557	0
1.11E-06	6.22509	0
1.11E-06	6.22463	0
1.11E-06	6.22416	0
1.11E-06	6.2237	0
1.11E-06	6.22324	0
1.11E-06	6.22278	0
1.11E-06	6.22232	0
1.12E-06	6.22186	0
1.12E-06	6.2214	0
1.12E-06	6.22095	0
1.12E-06	6.2205	0
1.12E-06	6.22005	0
1.12E-06	6.2196	0
1.12E-06	6.21915	0
1.12E-06	6.21871	0
1.12E-06	6.21827	0
1.12E-06	6.21784	0
1.12E-06	6.2174	0
1.12E-06	6.21697	0
1.12E-06	6.21654	0
1.12E-06	6.21612	0
1.12E-06	6.2157	0
1.12E-06	6.21529	0
1.12E-06	6.21488	0
1.12E-06	6.21448	0
1.12E-06	6.21407	0
1.12E-06	6.21367	0
1.13E-06	6.21327	0
1.13E-06	6.21285	0
1.13E-06	6.21241	0
1.13E-06	6.21196	0
1.13E-06	6.21151	0
1.13E-06	6.21106	0
1.13E-06	6.2106	0
1.13E-06	6.21014	0
1.13E-06	6.20969	0
1.13E-06	6.20924	0
1.13E-06	6.20879	0
1.13E-06	6.20834	0
1.13E-06	6.20789	0
1.13E-06	6.20745	0
1.13E-06	6.20701	0
1.13E-06	6.20658	0
1.13E-06	6.20614	0
1.13E-06	6.2057	0
1.13E-06	6.20528	0
1.13E-06	6.20485	0
1.14E-06	6.20443	0
1.14E-06	6.204	0
1.14E-06	6.20358	0
1.14E-06	6.20316	0
1.14E-06	6.20274	0
1.14E-06	6.20233	0
1.14E-06	6.20192	0
1.14E-06	6.20151	0
1.14E-06	6.2011	0
1.14E-06	6.20069	0
1.14E-06	6.20028	0
1.14E-06	6.19988	0
1.14E-06	6.19948	0
1.14E-06	6.19908	0
1.14E-06	6.19869	0
1.14E-06	6.1983	0
1.14E-06	6.19792	0
1.14E-06	6.19753	0
1.14E-06	6.19716	0
1.14E-06	6.19678	0
1.15E-06	6.1964	0
1.15E-06	6.19604	0
1.15E-06	6.19568	0
1.15E-06	6.19533	0
1.15E-06	6.19498	0
1.15E-06	6.19464	0
1.15E-06	6.19431	0
1.15E-06	6.19399	0
1.15E-06	6.19368	0
1.15E-06	6.19337	0
1.15E-06	6.19308	0
1.15E-06	6.19278	0
1.15E-06	6.19245	0
1.15E-06	6.1921	0
1.15E-06	6.19172	0
1.15E-06	6.19133	0
1.15E-06	6.19094	0
1.15E-06	6.1905	0
1.15E-06	6.19006	0
1.15E-06	6.18961	0
1.16E-06	6.18915	0
1.16E-06	6.18871	0
1.16E-06	6.18827	0
1.16E-06	6.18782	0
1.16E-06	6.18739	0
1.16E-06	6.18695	0
1.16E-06	6.18651	0
1.16E-06	6.18608	0
1.16E-06	6.18565	0
1.16E-06	6.18522	0
1.16E-06	6.18479	0
1.16E-06	6.18437	0
1.16E-06	6.18395	0
1.16E-06	6.18353	0
1.16E-06	6.18311	0
1.16E-06	6.18269	0
1.16E-06	6.18228	0
1.16E-06	6.18187	0
1.16E-06	6.18146	0
1.16E-06	6.18106	0
1.17E-06	6.18065	0
1.17E-06	6.18024	0
1.17E-06	6.17985	0
1.17E-06	6.17944	0
1.17E-06	6.17905	0
1.17E-06	6.17866	0
1.17E-06	6.17826	0
1.17E-06	6.17787	0
1.17E-06	6.17749	0
1.17E-06	6.1771	0
1.17E-06	6.17672	0
1.17E-06	6.17634	0
1.17E-06	6.17596	0
1.17E-06	6.17559	0
1.17E-06	6.17522	0
1.17E-06	6.17485	0
1.17E-06	6.17449	0
1.17E-06	6.17413	0
1.17E-06	6.17378	0
1.17E-06	6.17343	0
1.18E-06	6.17308	0
1.18E-06	6.17274	0
1.18E-06	6.17241	0
1.18E-06	6.17208	0
1.18E-06	6.17175	0
1.18E-06	6.17142	0
1.18E-06	6.17109	0
1.18E-06	6.17075	0
1.18E-06	6.17038	0
1.18E-06	6.17002	0
1.18E-06	6.16965	0
1.18E-06	6.16928	0
1.18E-06	6.1689	0
1.18E-06	6.1685	0
1.18E-06	6.16812	0
1.18E-06	6.16773	0
1.18E-06	6.16735	0
1.18E-06	6.16697	0
1.18E-06	6.16659	0
1.18E-06	6.16621	0
1.19E-06	6.16583	0
1.19E-06	6.16546	0
1.19E-06	6.16509	0
1.19E-06	6.16472	0
1.19E-06	6.16435	0
1.19E-06	6.16398	0
1.19E-06	6.16362	0
1.19E-06	6.16326	0
1.19E-06	6.1629	0
1.19E-06	6.16254	0
1.19E-06	6.16219	0
1.19E-06	6.16183	0
1.19E-06	6.16148	0
1.19E-06	6.16113	0
1.19E-06	6.16078	0
1.19E-06	6.16043	0
1.19E-06	6.16008	0
1.19E-06	6.15974	0
1.19E-06	6.15939	0
1.19E-06	6.15905	0
1.20E-06	6.15871	0
1.20E-06	6.15837	0
1.20E-06	6.15803	0
1.20E-06	6.1577	0
1.20E-06	6.15737	0
1.20E-06	6.15705	0
1.20E-06	6.15672	0
1.20E-06	6.1564	0
1.20E-06	6.15608	0
1.20E-06	6.15576	0
1.20E-06	6.15545	0
1.20E-06	6.15514	0
1.20E-06	6.15484	0
1.20E-06	6.15454	0
1.20E-06	6.15425	0
1.20E-06	6.15397	0
1.20E-06	6.15368	0
1.20E-06	6.15342	0
1.20E-06	6.15315	0
1.20E-06	6.1529	0
1.21E-06	6.15264	0
1.21E-06	6.1524	0
1.21E-06	6.15215	0
1.21E-06	6.15188	0
1.21E-06	6.1516	0
1.21E-06	6.15127	0
1.21E-06	6.15094	0
1.21E-06	6.15062	0
1.21E-06	6.15027	0
1.21E-06	6.14989	0
1.21E-06	6.1495	0
1.21E-06	6.14912	0
1.21E-06	6.14874	0
1.21E-06	6.14836	0
1.21E-06	6.14799	0
1.21E-06	6.14762	0
1.21E-06	6.14724	0
1.21E-06	6.14687	0
1.21E-06	6.1465	0
1.21E-06	6.14613	0
1.22E-06	6.14576	0
1.22E-06	6.1454	0
1.22E-06	6.14503	0
1.22E-06	6.14467	0
1.22E-06	6.14431	0
1.22E-06	6.14395	0
1.22E-06	6.1436	0
1.22E-06	6.14324	0
1.22E-06	6.14289	0
1.22E-06	6.14254	0
1.22E-06	6.14219	0
1.22E-06	6.14184	0
1.22E-06	6.1415	0
1.22E-06	6.14115	0
1.22E-06	6.14081	0
1.22E-06	6.14047	0
1.22E-06	6.14013	0
1.22E-06	6.13979	0
1.22E-06	6.13945	0
1.22E-06	6.13912	0
1.23E-06	6.13879	0
1.23E-06	6.13846	0
1.23E-06	6.13813	0
1.23E-06	6.13781	0
1.23E-06	6.13748	0
1.23E-06	6.13716	0
1.23E-06	6.13684	0
1.23E-06	6.13652	0
1.23E-06	6.13621	0
1.23E-06	6.13589	0
1.23E-06	6.13558	0
1.23E-06	6.13528	0
1.23E-06	6.13497	0
1.23E-06	6.13467	0
1.23E-06	6.13437	0
1.23E-06	6.13408	0
1.23E-06	6.13379	0
1.23E-06	6.13351	0
1.23E-06	6.13322	0
1.23E-06	6.13295	0
1.24E-06	6.13267	0
1.24E-06	6.1324	0
1.24E-06	6.13212	0
1.24E-06	6.13184	0
1.24E-06	6.13154	0
1.24E-06	6.13124	0
1.24E-06	6.13093	0
1.24E-06	6.13063	0
1.24E-06	6.13031	0
1.24E-06	6.12998	0
1.24E-06	6.12965	0
1.24E-06	6.12931	0
1.24E-06	6.12898	0
1.24E-06	6.12864	0
1.24E-06	6.12832	0
1.24E-06	6.12799	0
1.24E-06	6.12766	0
1.24E-06	6.12734	0
1.24E-06	6.12701	0
1.24E-06	6.12669	0
1.25E-06	6.12638	0
1.25E-06	6.12606	0
1.25E-06	6.12575	0
1.25E-06	6.12543	0
1.25E-06	6.12513	0
1.25E-06	6.12482	0
1.25E-06	6.12451	0
1.25E-06	6.12421	0
1.25E-06	6.12391	0
1.25E-06	6.12361	0
1.25E-06	6.12331	0
1.25E-06	6.12301	0
1.25E-06	6.12272	0
1.25E-06	6.12242	0
1.25E-06	6.12213	0
1.25E-06	6.12184	0
1.25E-06	6.12155	0
1.25E-06	6.12126	0
1.25E-06	6.12098	0
1.25E-06	6.12069	0
1.26E-06	6.12041	0
1.26E-06	6.12013	0
1.26E-06	6.11985	0
1.26E-06	6.11958	0
1.26E-06	6.11931	0
1.26E-06	6.11904	0
1.26E-06	6.11877	0
1.26E-06	6.1185	0
1.26E-06	6.11824	0
1.26E-06	6.11798	0
1.26E-06	6.11773	0
1.26E-06	6.11747	0
1.26E-06	6.11723	0
1.26E-06	6.11698	0
1.26E-06	6.11674	0
1.26E-06	6.11651	0
1.26E-06	6.11628	0
1.26E-06	6.11605	0
1.26E-06	6.11583	0
1.26E-06	6.11562	0
1.27E-06	6.11541	0
1.27E-06	6.11522	0
1.27E-06	6.11502	0
1.27E-06	6.11483	0
1.27E-06	6.11464	0
1.27E-06	6.11443	0
1.27E-06	6.11422	0
1.27E-06	6.11397	0
1.27E-06	6.1137	0
1.27E-06	6.11344	0
1.27E-06	6.11318	0
1.27E-06	6.1129	0
1.27E-06	6.11259	0
1.27E-06	6.11227	0
1.27E-06	6.11193	0
1.27E-06	6.11159	0
1.27E-06	6.11125	0
1.27E-06	6.11092	0
1.27E-06	6.11058	0
1.27E-06	6.11025	0
1.28E-06	6.10992	0
1.28E-06	6.10959	0
1.28E-06	6.10927	0
1.28E-06	6.10894	0
1.28E-06	6.10862	0
1.28E-06	6.1083	0
1.28E-06	6.10798	0
1.28E-06	6.10766	0
1.28E-06	6.10734	0
1.28E-06	6.10703	0
1.28E-06	6.10672	0
1.28E-06	6.10641	0
1.28E-06	6.1061	0
1.28E-06	6.1058	0
1.28E-06	6.10549	0
1.28E-06	6.10519	0
1.28E-06	6.10489	0
1.28E-06	6.10459	0
1.28E-06	6.10429	0
1.28E-06	6.104	0
1.29E-06	6.1037	0
1.29E-06	6.10341	0
1.29E-06	6.10312	0
1.29E-06	6.10283	0
1.29E-06	6.10254	0
1.29E-06	6.10226	0
1.29E-06	6.10197	0
1.29E-06	6.10169	0
1.29E-06	6.10141	0
1.29E-06	6.10114	0
1.29E-06	6.10086	0
1.29E-06	6.10059	0
1.29E-06	6.10032	0
1.29E-06	6.10005	0
1.29E-06	6.09978	0
1.29E-06	6.09951	0
1.29E-06	6.09925	0
1.29E-06	6.09899	0
1.29E-06	6.09873	0
1.29E-06	6.09848	0
1.30E-06	6.09823	0
1.30E-06	6.09798	0
1.30E-06	6.09774	0
1.30E-06	6.09749	0
1.30E-06	6.09726	0
1.30E-06	6.09702	0
1.30E-06	6.09679	0
1.30E-06	6.09656	0
1.30E-06	6.09634	0
1.30E-06	6.09612	0
1.30E-06	6.09589	0
1.30E-06	6.09566	0
1.30E-06	6.09543	0
1.30E-06	6.09519	0
1.30E-06	6.09493	0
1.30E-06	6.09468	0
1.30E-06	6.09443	0
1.30E-06	6.09418	0
1.30E-06	6.09391	0
1.30E-06	6.09364	0
1.31E-06	6.09336	0
1.31E-06	6.09307	0
1.31E-06	6.09279	0
1.31E-06	6.09251	0
1.31E-06	6.09224	0
1.31E-06	6.09196	0
1.31E-06	6.09169	0
1.31E-06	6.09142	0
1.31E-06	6.09114	0
1.31E-06	6.09087	0
1.31E-06	6.09061	0
1.31E-06	6.09034	0
1.31E-06	6.09007	0
1.31E-06	6.08981	0
1.31E-06	6.08955	0
1.31E-06	6.08929	0
1.31E-06	6.08903	0
1.31E-06	6.08878	0
1.31E-06	6.08852	0
1.31E-06	6.08827	0
1.32E-06	6.08802	0
1.32E-06	6.08777	0
1.32E-06	6.08752	0
1.32E-06	6.08727	0
1.32E-06	6.08702	0
1.32E-06	6.08678	0
1.32E-06	6.08653	0
1.32E-06	6.08629	0
1.32E-06	6.08605	0
1.32E-06	6.08581	0
1.32E-06	6.08557	0
1.32E-06	6.08533	0
1.32E-06	6.08509	0
1.32E-06	6.08485	0
1.32E-06	6.08462	0
1.32E-06	6.08439	0
1.32E-06	6.08416	0
1.32E-06	6.08394	0
1.32E-06	6.08371	0
1.32E-06	6.08349	0
1.33E-06	6.08327	0
1.33E-06	6.08305	0
1.33E-06	6.08283	0
1.33E-06	6.08261	0
1.33E-06	6.0824	0
1.33E-06	6.08219	0
1.33E-06	6.08199	0
1.33E-06	6.08178	0
1.33E-06	6.08158	0
1.33E-06	6.08139	0
1.33E-06	6.0812	0
1.33E-06	6.08101	0
1.33E-06	6.08083	0
1.33E-06	6.08065	0
1.33E-06	6.08048	0
1.33E-06	6.08031	0
1.33E-06	6.08015	0
1.33E-06	6.07999	0
1.33E-06	6.07983	0
1.33E-06	6.07968	0
1.34E-06	6.07952	0
1.34E-06	6.07934	0
1.34E-06	6.07916	0
1.34E-06	6.07894	0
1.34E-06	6.07872	0
1.34E-06	6.0785	0
1.34E-06	6.07829	0
1.34E-06	6.07805	0
1.34E-06	6.07779	0
1.34E-06	6.07753	0
1.34E-06	6.07724	0
1.34E-06	6.07695	0
1.34E-06	6.07667	0
1.34E-06	6.07638	0
1.34E-06	6.0761	0
1.34E-06	6.07582	0
1.34E-06	6.07554	0
1.34E-06	6.07526	0
1.34E-06	6.07499	0
1.34E-06	6.07471	0
1.35E-06	6.07444	0
1.35E-06	6.07416	0
1.35E-06	6.07389	0
1.35E-06	6.07362	0
1.35E-06	6.07335	0
1.35E-06	6.07309	0
1.35E-06	6.07145	0
1.35E-06	6.07124	0
1.35E-06	6.07103	0
1.35E-06	6.07083	0
1.35E-06	6.07062	0
1.35E-06	6.07042	0
1.35E-06	6.07022	0
1.35E-06	6.07002	0
1.35E-06	6.06982	0
1.35E-06	6.06962	0
1.35E-06	6.06943	0
1.35E-06	6.06923	0
1.35E-06	6.06904	0
1.35E-06	6.06885	0
1.36E-06	6.06866	0
1.36E-06	6.06847	0
1.36E-06	6.06828	0
1.36E-06	6.0681	0
1.36E-06	6.06791	0
1.36E-06	6.06773	0
1.36E-06	6.06755	0
1.36E-06	6.06737	0
1.36E-06	6.06719	0
1.36E-06	6.06702	0
1.36E-06	6.06684	0
1.36E-06	6.06667	0
1.36E-06	6.0665	0
1.36E-06	6.06633	0
1.36E-06	6.06616	0
1.36E-06	6.06599	0
1.36E-06	6.06583	0
1.36E-06	6.06566	0
1.36E-06	6.0655	0
1.36E-06	6.06535	0
1.37E-06	6.06519	0
1.37E-06	6.06504	0
1.37E-06	6.06489	0
1.37E-06	6.06474	0
1.37E-06	6.06459	0
1.37E-06	6.06445	0
1.37E-06	6.06431	0
1.37E-06	6.06417	0
1.37E-06	6.06404	0
1.37E-06	6.06391	0
1.37E-06	6.06378	0
1.37E-06	6.06365	0
1.37E-06	6.06353	0
1.37E-06	6.0634	0
1.37E-06	6.06327	0
1.37E-06	6.06314	0
1.37E-06	6.06299	0
1.37E-06	6.06284	0
1.37E-06	6.06269	0
1.37E-06	6.06254	0
1.38E-06	6.06239	0
1.38E-06	6.06223	0
1.38E-06	6.06206	0
1.38E-06	6.0619	0
1.38E-06	6.06172	0
1.38E-06	6.06154	0
1.38E-06	6.06137	0
1.38E-06	6.0612	0
1.38E-06	6.06102	0
1.38E-06	6.06086	0
1.38E-06	6.06069	0
1.38E-06	6.06052	0
1.38E-06	6.06036	0
1.38E-06	6.06019	0
1.38E-06	6.06003	0
1.38E-06	6.05987	0
1.38E-06	6.05971	0
1.38E-06	6.05955	0
1.38E-06	6.05939	0
1.38E-06	6.05924	0
1.39E-06	6.05352	0
1.39E-06	6.05335	0
1.39E-06	6.05319	0
1.39E-06	6.05303	0
1.39E-06	6.05287	0
1.39E-06	6.05271	0
1.39E-06	6.05255	0
1.39E-06	6.0524	0
1.39E-06	6.05224	0
1.39E-06	6.05208	0
1.39E-06	6.05193	0
1.39E-06	6.05178	0
1.39E-06	6.05162	0
1.39E-06	6.05147	0
1.39E-06	6.05132	0
1.39E-06	6.05117	0
1.39E-06	6.05102	0
1.39E-06	6.05087	0
1.39E-06	6.05072	0
1.39E-06	6.05058	0
1.40E-06	6.05043	0
1.40E-06	6.05029	0
1.40E-06	6.05014	0
1.40E-06	6.05	0
1.40E-06	6.04987	0
1.40E-06	6.04973	0
1.40E-06	6.0496	0
1.40E-06	6.04946	0
1.40E-06	6.04933	0
1.40E-06	6.04919	0
1.40E-06	6.04906	0
1.40E-06	6.04894	0
1.40E-06	6.04881	0
1.40E-06	6.04868	0
1.40E-06	6.04856	0
1.40E-06	6.04844	0
1.40E-06	6.04833	0
1.40E-06	6.04821	0
1.40E-06	6.0481	0
1.40E-06	6.048	0
1.41E-06	6.04789	0
1.41E-06	6.04779	0
1.41E-06	6.04769	0
1.41E-06	6.0476	0
1.41E-06	6.04751	0
1.41E-06	6.04743	0
1.41E-06	6.04735	0
1.41E-06	6.04727	0
1.41E-06	6.04719	0
1.41E-06	6.04712	0
1.41E-06	6.04705	0
1.41E-06	6.04696	0
1.41E-06	6.04686	0
1.41E-06	6.04676	0
1.41E-06	6.04663	0
1.41E-06	6.0465	0
1.41E-06	6.04637	0
1.41E-06	6.04624	0
1.41E-06	6.04611	0
1.41E-06	6.04594	0
1.42E-06	6.04578	0
1.42E-06	6.0456	0
1.42E-06	6.04541	0
1.42E-06	6.04522	0
1.42E-06	6.04504	0
1.42E-06	6.04485	0
1.42E-06	6.04466	0
1.42E-06	6.04448	0
1.42E-06	6.0443	0
1.42E-06	6.04412	0
1.42E-06	6.04394	0
1.42E-06	6.04376	0
1.42E-06	6.04358	0
1.42E-06	6.0434	0
1.42E-06	6.04323	0
1.42E-06	6.04305	0
1.42E-06	6.04288	0
1.42E-06	6.04271	0
1.42E-06	6.04254	0
1.42E-06	6.03963	0
1.43E-06	6.03946	0
1.43E-06	6.03929	0
1.43E-06	6.03912	0
1.43E-06	6.03895	0
1.43E-06	6.03878	0
1.43E-06	6.03861	0
1.43E-06	6.03845	0
1.43E-06	6.03828	0
1.43E-06	6.03812	0
1.43E-06	6.03795	0
1.43E-06	6.03779	0
1.43E-06	6.03763	0
1.43E-06	6.03747	0
1.43E-06	6.03731	0
1.43E-06	6.03715	0
1.43E-06	6.037	0
1.43E-06	6.03684	0
1.43E-06	6.03669	0
1.43E-06	6.03653	0
1.43E-06	6.03638	0
1.44E-06	6.03623	0
1.44E-06	6.03608	0
1.44E-06	6.03593	0
1.44E-06	6.03578	0
1.44E-06	6.03564	0
1.44E-06	6.03549	0
1.44E-06	6.03535	0
1.44E-06	6.03521	0
1.44E-06	6.03507	0
1.44E-06	6.03493	0
1.44E-06	6.03479	0
1.44E-06	6.03465	0
1.44E-06	6.03451	0
1.44E-06	6.03438	0
1.44E-06	6.03425	0
1.44E-06	6.03411	0
1.44E-06	6.03399	0
1.44E-06	6.03386	0
1.44E-06	6.03373	0
1.44E-06	6.03361	0
1.45E-06	6.03349	0
1.45E-06	6.03337	0
1.45E-06	6.03325	0
1.45E-06	6.03313	0
1.45E-06	6.03302	0
1.45E-06	6.03291	0
1.45E-06	6.0328	0
1.45E-06	6.0327	0
1.45E-06	6.03259	0
1.45E-06	6.03249	0
1.45E-06	6.03239	0
1.45E-06	6.03229	0
1.45E-06	6.03219	0
1.45E-06	6.03208	0
1.45E-06	6.03198	0
1.45E-06	6.03187	0
1.45E-06	6.03174	0
1.45E-06	6.03162	0
1.45E-06	6.0315	0
1.45E-06	6.03138	0
1.46E-06	6.03126	0
1.46E-06	6.03113	0
1.46E-06	6.03099	0
1.46E-06	6.03086	0
1.46E-06	6.03071	0
1.46E-06	6.03057	0
1.46E-06	6.03042	0
1.46E-06	6.03028	0
1.46E-06	6.03014	0
1.46E-06	6.03	0
1.46E-06	6.02986	0
1.46E-06	6.02972	0
1.46E-06	6.02959	0
1.46E-06	6.02945	0
1.46E-06	6.02932	0
1.46E-06	6.02918	0
1.46E-06	6.02905	0
1.46E-06	6.02892	0
1.46E-06	6.02879	0
1.46E-06	6.02866	0
1.47E-06	6.02853	0
1.47E-06	6.02841	0
1.47E-06	6.02828	0
1.47E-06	6.02277	0
1.47E-06	6.02263	0
1.47E-06	6.0225	0
1.47E-06	6.02237	0
1.47E-06	6.02224	0
1.47E-06	6.02211	0
1.47E-06	6.02198	0
1.47E-06	6.02185	0
1.47E-06	6.02172	0
1.47E-06	6.0216	0
1.47E-06	6.02147	0
1.47E-06	6.02135	0
1.47E-06	6.02122	0
1.47E-06	6.0211	0
1.47E-06	6.02097	0
1.47E-06	6.02085	0
1.47E-06	6.02073	0
1.48E-06	6.02061	0
1.48E-06	6.02049	0
1.48E-06	6.02037	0
1.48E-06	6.02025	0
1.48E-06	6.02013	0
1.48E-06	6.02001	0
1.48E-06	6.01989	0
1.48E-06	6.01978	0
1.48E-06	6.01967	0
1.48E-06	6.01955	0
1.48E-06	6.01944	0
1.48E-06	6.01933	0
1.48E-06	6.01923	0
1.48E-06	6.01912	0
1.48E-06	6.01901	0
1.48E-06	6.0189	0
1.48E-06	6.0188	0
1.48E-06	6.0187	0
1.48E-06	6.01859	0
1.48E-06	6.01849	0
1.49E-06	6.0184	0
1.49E-06	6.0183	0
1.49E-06	6.01821	0
1.49E-06	6.01811	0
1.49E-06	6.01802	0
1.49E-06	6.01794	0
1.49E-06	6.01785	0
1.49E-06	6.01777	0
1.49E-06	6.01769	0
1.49E-06	6.01761	0
1.49E-06	6.01754	0
1.49E-06	6.01747	0
1.49E-06	6.0174	0
1.49E-06	6.01734	0
1.49E-06	6.01728	0
1.49E-06	6.01722	0
1.49E-06	6.01716	0
1.49E-06	6.0171	0
1.49E-06	6.01705	0
1.49E-06	6.01699	0
1.50E-06	6.01692	0
1.50E-06	6.01685	0
1.50E-06	6.01676	0
1.50E-06	6.01666	0
1.50E-06	6.01655	0
1.50E-06	6.01645	0
1.50E-06	6.01634	0
1.50E-06	6.01624	0
1.50E-06	6.01612	0
1.50E-06	6.01598	0
1.50E-06	6.01585	0
1.50E-06	6.0157	0
1.50E-06	6.01555	0
1.50E-06	6.01539	0
1.50E-06	6.01524	0
1.50E-06	6.01508	0
1.50E-06	6.01493	0
1.50E-06	6.01478	0
1.50E-06	6.01463	0
1.50E-06	6.01448	0
1.51E-06	6.01433	0
1.51E-06	6.01418	0
1.51E-06	6.01403	0
1.51E-06	6.01389	0
1.51E-06	6.01374	0
1.51E-06	6.0136	0
1.51E-06	6.01345	0
1.51E-06	6.01331	0
1.51E-06	6.01317	0
1.51E-06	6.01303	0
1.51E-06	6.01289	0
1.51E-06	6.0101	0
1.51E-06	6.00996	0
1.51E-06	6.00981	0
1.51E-06	6.00967	0
1.51E-06	6.00953	0
1.51E-06	6.0094	0
1.51E-06	6.00926	0
1.51E-06	6.00912	0
1.51E-06	6.00899	0
1.52E-06	6.00885	0
1.52E-06	6.00872	0
1.52E-06	6.00858	0
1.52E-06	6.00845	0
1.52E-06	6.00832	0
1.52E-06	6.00819	0
1.52E-06	6.00806	0
1.52E-06	6.00793	0
1.52E-06	6.0078	0
1.52E-06	6.00767	0
1.52E-06	6.00754	0
1.52E-06	6.00742	0
1.52E-06	6.00729	0
1.52E-06	6.00717	0
1.52E-06	6.00704	0
1.52E-06	6.00692	0
1.52E-06	6.0068	0
1.52E-06	6.00668	0
1.52E-06	6.00656	0
1.52E-06	6.00644	0
1.53E-06	6.00632	0
1.53E-06	6.0062	0
1.53E-06	6.00609	0
1.53E-06	6.00597	0
1.53E-06	6.00586	0
1.53E-06	6.00575	0
1.53E-06	6.00563	0
1.53E-06	6.00552	0
1.53E-06	6.00541	0
1.53E-06	6.0053	0
1.53E-06	6.0052	0
1.53E-06	6.00509	0
1.53E-06	6.00498	0
1.53E-06	6.00488	0
1.53E-06	6.00478	0
1.53E-06	6.00468	0
1.53E-06	6.00458	0
1.53E-06	6.00448	0
1.53E-06	6.00439	0
1.53E-06	6.00429	0
1.54E-06	6.0042	0
1.54E-06	6.00411	0
1.54E-06	6.00402	0
1.54E-06	6.00393	0
1.54E-06	6.00385	0
1.54E-06	6.00376	0
1.54E-06	6.00368	0
1.54E-06	6.0036	0
1.54E-06	6.00352	0
1.54E-06	6.00344	0
1.54E-06	6.00336	0
1.54E-06	6.00328	0
1.54E-06	6.0032	0
1.54E-06	6.00312	0
1.54E-06	6.00303	0
1.54E-06	6.00293	0
1.54E-06	6.00283	0
1.54E-06	6.00273	0
1.54E-06	6.00264	0
1.54E-06	6.00254	0
1.55E-06	6.00245	0
1.55E-06	6.00234	0
1.55E-06	6.00223	0
1.55E-06	6.00212	0
1.55E-06	6.002	0
1.55E-06	6.00188	0
1.55E-06	6.00177	0
1.55E-06	6.00165	0
1.55E-06	6.00154	0
1.55E-06	6.00142	0
1.55E-06	6.00131	0
1.55E-06	6.0012	0
1.55E-06	6.00109	0
1.55E-06	6.00097	0
1.55E-06	6.00086	0
1.55E-06	6.00076	0
1.55E-06	6.00065	0
1.55E-06	6.00054	0
1.55E-06	6.00043	0
1.55E-06	6.00033	0
1.56E-06	6.00022	0
1.56E-06	6.00012	0
1.56E-06	6.00001	0
1.56E-06	5.99991	0
1.56E-06	5.99981	0
1.56E-06	5.99971	0
1.56E-06	5.99438	0
1.56E-06	5.99427	0
1.56E-06	5.99416	0
1.56E-06	5.99406	0
1.56E-06	5.99395	0
1.56E-06	5.99385	0
1.56E-06	5.99374	0
1.56E-06	5.99364	0
1.56E-06	5.99354	0
1.56E-06	5.99343	0
1.56E-06	5.99333	0
1.56E-06	5.99323	0
1.56E-06	5.99313	0
1.56E-06	5.99303	0
1.57E-06	5.99293	0
1.57E-06	5.99283	0
1.57E-06	5.99273	0
1.57E-06	5.99263	0
1.57E-06	5.99254	0
1.57E-06	5.99244	0
1.57E-06	5.99234	0
1.57E-06	5.99225	0
1.57E-06	5.99215	0
1.57E-06	5.99205	0
1.57E-06	5.99196	0
1.57E-06	5.99187	0
1.57E-06	5.99177	0
1.57E-06	5.99168	0
1.57E-06	5.99159	0
1.57E-06	5.9915	0
1.57E-06	5.99141	0
1.57E-06	5.99133	0
1.57E-06	5.99124	0
1.57E-06	5.99115	0
1.58E-06	5.99107	0
1.58E-06	5.99098	0
1.58E-06	5.9909	0
1.58E-06	5.99082	0
1.58E-06	5.99073	0
1.58E-06	5.99065	0
1.58E-06	5.99058	0
1.58E-06	5.9905	0
1.58E-06	5.99042	0
1.58E-06	5.99035	0
1.58E-06	5.99027	0
1.58E-06	5.9902	0
1.58E-06	5.99013	0
1.58E-06	5.99006	0
1.58E-06	5.99	0
1.58E-06	5.98993	0
1.58E-06	5.98987	0
1.58E-06	5.98981	0
1.58E-06	5.98975	0
1.58E-06	5.9897	0
1.59E-06	5.98965	0
1.59E-06	5.9896	0
1.59E-06	5.98955	0
1.59E-06	5.9895	0
1.59E-06	5.98946	0
1.59E-06	5.98941	0
1.59E-06	5.98937	0
1.59E-06	5.98934	0
1.59E-06	5.9893	0
1.59E-06	5.98925	0
1.59E-06	5.9892	0
1.59E-06	5.98915	0
1.59E-06	5.98909	0
1.59E-06	5.98901	0
1.59E-06	5.98892	0
1.59E-06	5.98884	0
1.59E-06	5.98876	0
1.59E-06	5.98868	0
1.59E-06	5.98859	0
1.59E-06	5.9885	0
1.60E-06	5.98839	0
1.60E-06	5.98828	0
1.60E-06	5.98817	0
1.60E-06	5.98804	0
1.60E-06	5.98792	0
1.60E-06	5.98779	0
1.60E-06	5.98766	0
1.60E-06	5.98754	0
1.60E-06	5.98741	0
1.60E-06	5.98729	0
1.60E-06	5.98717	0
1.60E-06	5.98704	0
1.60E-06	5.98692	0
1.60E-06	5.9868	0
1.60E-06	5.98668	0
1.60E-06	5.98656	0
1.60E-06	5.98644	0
1.60E-06	5.98632	0
1.60E-06	5.98621	0
1.60E-06	5.98609	0
1.61E-06	5.98597	0
1.61E-06	5.98586	0
1.61E-06	5.98574	0
1.61E-06	5.98563	0
1.61E-06	5.98551	0
1.61E-06	5.9854	0
1.61E-06	5.98271	0
1.61E-06	5.98259	0
1.61E-06	5.98248	0
1.61E-06	5.98237	0
1.61E-06	5.98225	0
1.61E-06	5.98214	0
1.61E-06	5.98203	0
1.61E-06	5.98192	0
1.61E-06	5.98181	0
1.61E-06	5.9817	0
1.61E-06	5.98159	0
1.61E-06	5.98148	0
1.61E-06	5.98137	0
1.61E-06	5.98127	0
1.62E-06	5.98116	0
1.62E-06	5.98105	0
1.62E-06	5.98095	0
1.62E-06	5.98084	0
1.62E-06	5.98074	0
1.62E-06	5.98064	0
1.62E-06	5.98053	0
1.62E-06	5.98043	0
1.62E-06	5.98033	0
1.62E-06	5.98023	0
1.62E-06	5.98013	0
1.62E-06	5.98003	0
1.62E-06	5.97993	0
1.62E-06	5.97983	0
1.62E-06	5.97973	0
1.62E-06	5.97964	0
1.62E-06	5.97954	0
1.62E-06	5.97944	0
1.62E-06	5.97935	0
1.62E-06	5.97926	0
1.63E-06	5.97916	0
1.63E-06	5.97907	0
1.63E-06	5.97898	0
1.63E-06	5.97889	0
1.63E-06	5.9788	0
1.63E-06	5.97871	0
1.63E-06	5.97862	0
1.63E-06	5.97853	0
1.63E-06	5.97845	0
1.63E-06	5.97836	0
1.63E-06	5.97827	0
1.63E-06	5.97819	0
1.63E-06	5.97811	0
1.63E-06	5.97803	0
1.63E-06	5.97794	0
1.63E-06	5.97786	0
1.63E-06	5.97779	0
1.63E-06	5.97771	0
1.63E-06	5.97763	0
1.63E-06	5.97756	0
1.64E-06	5.97748	0
1.64E-06	5.97741	0
1.64E-06	5.97734	0
1.64E-06	5.97727	0
1.64E-06	5.9772	0
1.64E-06	5.97714	0
1.64E-06	5.97707	0
1.64E-06	5.97701	0
1.64E-06	5.97694	0
1.64E-06	5.97688	0
1.64E-06	5.97682	0
1.64E-06	5.97676	0
1.64E-06	5.9767	0
1.64E-06	5.97664	0
1.64E-06	5.97657	0
1.64E-06	5.97651	0
1.64E-06	5.97645	0
1.64E-06	5.97637	0
1.64E-06	5.97629	0
1.64E-06	5.97622	0
1.65E-06	5.97614	0
1.65E-06	5.97606	0
1.65E-06	5.97599	0
1.65E-06	5.97591	0
1.65E-06	5.97583	0
1.65E-06	5.97574	0
1.65E-06	5.97566	0
1.65E-06	5.97557	0
1.65E-06	5.97548	0
1.65E-06	5.97538	0
1.65E-06	5.97529	0
1.65E-06	5.97519	0
1.65E-06	5.9751	0
1.65E-06	5.97501	0
1.65E-06	5.97492	0
1.65E-06	5.97483	0
1.65E-06	5.97474	0
1.65E-06	5.97465	0
1.65E-06	5.97456	0
1.65E-06	5.97447	0
1.66E-06	5.97439	0
1.66E-06	5.9743	0
1.66E-06	5.97421	0
1.66E-06	5.97413	0
1.66E-06	5.97404	0
1.66E-06	5.97396	0
1.66E-06	5.97387	0
1.66E-06	5.97379	0
1.66E-06	5.97371	0
1.66E-06	5.97363	0
1.66E-06	5.97355	0
1.66E-06	5.97347	0
1.66E-06	5.9683	0
1.66E-06	5.96821	0
1.66E-06	5.96813	0
1.66E-06	5.96804	0
1.66E-06	5.96796	0
1.66E-06	5.96788	0
1.66E-06	5.96779	0
1.66E-06	5.96771	0
1.67E-06	5.96763	0
1.67E-06	5.96754	0
1.67E-06	5.96746	0
1.67E-06	5.96738	0
1.67E-06	5.9673	0
1.67E-06	5.96722	0
1.67E-06	5.96714	0
1.67E-06	5.96706	0
1.67E-06	5.96698	0
1.67E-06	5.9669	0
1.67E-06	5.96682	0
1.67E-06	5.96674	0
1.67E-06	5.96667	0
1.67E-06	5.96659	0
1.67E-06	5.96651	0
1.67E-06	5.96643	0
1.67E-06	5.96636	0
1.67E-06	5.96628	0
1.67E-06	5.96621	0
1.67E-06	5.96613	0
1.68E-06	5.96606	0
1.68E-06	5.96598	0
1.68E-06	5.96591	0
1.68E-06	5.96584	0
1.68E-06	5.96576	0
1.68E-06	5.96569	0
1.68E-06	5.96562	0
1.68E-06	5.96555	0
1.68E-06	5.96549	0
1.68E-06	5.96542	0
1.68E-06	5.96535	0
1.68E-06	5.96528	0
1.68E-06	5.96522	0
1.68E-06	5.96515	0
1.68E-06	5.96508	0
1.68E-06	5.96502	0
1.68E-06	5.96496	0
1.68E-06	5.96489	0
1.68E-06	5.96483	0
1.68E-06	5.96477	0
1.69E-06	5.96471	0
1.69E-06	5.96465	0
1.69E-06	5.96459	0
1.69E-06	5.96454	0
1.69E-06	5.96448	0
1.69E-06	5.96443	0
1.69E-06	5.96438	0
1.69E-06	5.96433	0
1.69E-06	5.96428	0
1.69E-06	5.96423	0
1.69E-06	5.96418	0
1.69E-06	5.96414	0
1.69E-06	5.96409	0
1.69E-06	5.96405	0
1.69E-06	5.96401	0
1.69E-06	5.96398	0
1.69E-06	5.96394	0
1.69E-06	5.96391	0
1.69E-06	5.96387	0
1.69E-06	5.96384	0
1.70E-06	5.96381	0
1.70E-06	5.96378	0
1.70E-06	5.96376	0
1.70E-06	5.96373	0
1.70E-06	5.96371	0
1.70E-06	5.96367	0
1.70E-06	5.96363	0
1.70E-06	5.9636	0
1.70E-06	5.96356	0
1.70E-06	5.96349	0
1.70E-06	5.96343	0
1.70E-06	5.96336	0
1.70E-06	5.9633	0
1.70E-06	5.96324	0
1.70E-06	5.96317	0
1.70E-06	5.96311	0
1.70E-06	5.96304	0
1.70E-06	5.96295	0
1.70E-06	5.96286	0
1.70E-06	5.96278	0
1.71E-06	5.96268	0
1.71E-06	5.96258	0
1.71E-06	5.96248	0
1.71E-06	5.96238	0
1.71E-06	5.96227	0
1.71E-06	5.96217	0
1.71E-06	5.96207	0
1.71E-06	5.96197	0
1.71E-06	5.96187	0
1.71E-06	5.96177	0
1.71E-06	5.96167	0
1.71E-06	5.96158	0
1.71E-06	5.96148	0
1.71E-06	5.96138	0
1.71E-06	5.96129	0
1.71E-06	5.96119	0
1.71E-06	5.96109	0
1.71E-06	5.961	0
1.71E-06	5.9609	0
1.71E-06	5.96081	0
1.72E-06	5.96072	0
1.72E-06	5.96062	0
1.72E-06	5.96053	0
1.72E-06	5.96044	0
1.72E-06	5.96035	0
1.72E-06	5.96026	0
1.72E-06	5.96017	0
1.72E-06	5.95756	0
1.72E-06	5.95747	0
1.72E-06	5.95738	0
1.72E-06	5.95729	0
1.72E-06	5.9572	0
1.72E-06	5.95711	0
1.72E-06	5.95702	0
1.72E-06	5.95693	0
1.72E-06	5.95684	0
1.72E-06	5.95675	0
1.72E-06	5.95666	0
1.72E-06	5.95658	0
1.72E-06	5.95649	0
1.73E-06	5.9564	0
1.73E-06	5.95632	0
1.73E-06	5.95623	0
1.73E-06	5.95615	0
1.73E-06	5.95606	0
1.73E-06	5.95598	0
1.73E-06	5.95589	0
1.73E-06	5.95581	0
1.73E-06	5.95573	0
1.73E-06	5.95565	0
1.73E-06	5.95556	0
1.73E-06	5.95548	0
1.73E-06	5.9554	0
1.73E-06	5.95532	0
1.73E-06	5.95524	0
1.73E-06	5.95516	0
1.73E-06	5.95508	0
1.73E-06	5.955	0
1.73E-06	5.95493	0
1.73E-06	5.95485	0
1.74E-06	5.95477	0
1.74E-06	5.95469	0
1.74E-06	5.95462	0
1.74E-06	5.95454	0
1.74E-06	5.95447	0
1.74E-06	5.9544	0
1.74E-06	5.95432	0
1.74E-06	5.95425	0
1.74E-06	5.95418	0
1.74E-06	5.95411	0
1.74E-06	5.95403	0
1.74E-06	5.95396	0
1.74E-06	5.95389	0
1.74E-06	5.95382	0
1.74E-06	5.95376	0
1.74E-06	5.95369	0
1.74E-06	5.95362	0
1.74E-06	5.95355	0
1.74E-06	5.95349	0
1.74E-06	5.95342	0
1.75E-06	5.95336	0
1.75E-06	5.95329	0
1.75E-06	5.95323	0
1.75E-06	5.95317	0
1.75E-06	5.95311	0
1.75E-06	5.95305	0
1.75E-06	5.95299	0
1.75E-06	5.95293	0
1.75E-06	5.95287	0
1.75E-06	5.95281	0
1.75E-06	5.95276	0
1.75E-06	5.9527	0
1.75E-06	5.95265	0
1.75E-06	5.9526	0
1.75E-06	5.95255	0
1.75E-06	5.9525	0
1.75E-06	5.95245	0
1.75E-06	5.9524	0
1.75E-06	5.95235	0
1.75E-06	5.9523	0
1.76E-06	5.95226	0
1.76E-06	5.95221	0
1.76E-06	5.95217	0
1.76E-06	5.95212	0
1.76E-06	5.95208	0
1.76E-06	5.95203	0
1.76E-06	5.95198	0
1.76E-06	5.95193	0
1.76E-06	5.95187	0
1.76E-06	5.95181	0
1.76E-06	5.95175	0
1.76E-06	5.95169	0
1.76E-06	5.95163	0
1.76E-06	5.95157	0
1.76E-06	5.95151	0
1.76E-06	5.95146	0
1.76E-06	5.9514	0
1.76E-06	5.95133	0
1.76E-06	5.95126	0
1.76E-06	5.95119	0
1.77E-06	5.95112	0
1.77E-06	5.95105	0
1.77E-06	5.95097	0
1.77E-06	5.9509	0
1.77E-06	5.95082	0
1.77E-06	5.95075	0
1.77E-06	5.95068	0
1.77E-06	5.95061	0
1.77E-06	5.95053	0
1.77E-06	5.95046	0
1.77E-06	5.95039	0
1.77E-06	5.95032	0
1.77E-06	5.95025	0
1.77E-06	5.95018	0
1.77E-06	5.95011	0
1.77E-06	5.95004	0
1.77E-06	5.94998	0
1.77E-06	5.94991	0
1.77E-06	5.94984	0
1.77E-06	5.94977	0
1.78E-06	5.94971	0
1.78E-06	5.94964	0
1.78E-06	5.94958	0
1.78E-06	5.94951	0
1.78E-06	5.94945	0
1.78E-06	5.94938	0
1.78E-06	5.94932	0
1.78E-06	5.94926	0
1.78E-06	5.9492	0
1.78E-06	5.94417	0
1.78E-06	5.9441	0
1.78E-06	5.94404	0
1.78E-06	5.94397	0
1.78E-06	5.9439	0
1.78E-06	5.94384	0
1.78E-06	5.94377	0
1.78E-06	5.94371	0
1.78E-06	5.94364	0
1.78E-06	5.94358	0
1.78E-06	5.94351	0
1.79E-06	5.94345	0
1.79E-06	5.94339	0
1.79E-06	5.94332	0
1.79E-06	5.94326	0
1.79E-06	5.9432	0
1.79E-06	5.94313	0
1.79E-06	5.94307	0
1.79E-06	5.94301	0
1.79E-06	5.94295	0
1.79E-06	5.94289	0
1.79E-06	5.94283	0
1.79E-06	5.94277	0
1.79E-06	5.94271	0
1.79E-06	5.94264	0
1.79E-06	5.94259	0
1.79E-06	5.94253	0
1.79E-06	5.94247	0
1.79E-06	5.94241	0
1.79E-06	5.94235	0
1.79E-06	5.94229	0
1.80E-06	5.94223	0
1.80E-06	5.94217	0
1.80E-06	5.94212	0
1.80E-06	5.94206	0
1.80E-06	5.942	0
1.80E-06	5.94195	0
1.80E-06	5.94189	0
1.80E-06	5.94184	0
1.80E-06	5.94178	0
1.80E-06	5.94173	0
1.80E-06	5.94168	0
1.80E-06	5.94163	0
1.80E-06	5.94158	0
1.80E-06	5.94153	0
1.80E-06	5.94147	0
1.80E-06	5.94142	0
1.80E-06	5.94137	0
1.80E-06	5.94132	0
1.80E-06	5.94127	0
1.80E-06	5.94123	0
1.81E-06	5.94118	0
1.81E-06	5.94113	0
1.81E-06	5.94108	0
1.81E-06	5.94104	0
1.81E-06	5.94099	0
1.81E-06	5.94095	0
1.81E-06	5.94091	0
1.81E-06	5.94086	0
1.81E-06	5.94082	0
1.81E-06	5.94078	0
1.81E-06	5.94074	0
1.81E-06	5.94071	0
1.81E-06	5.94067	0
1.81E-06	5.94063	0
1.81E-06	5.9406	0
1.81E-06	5.94056	0
1.81E-06	5.94053	0
1.81E-06	5.9405	0
1.81E-06	5.94047	0
1.81E-06	5.94044	0
1.82E-06	5.94041	0
1.82E-06	5.94039	0
1.82E-06	5.94037	0
1.82E-06	5.94034	0
1.82E-06	5.94032	0
1.82E-06	5.9403	0
1.82E-06	5.94028	0
1.82E-06	5.94026	0
1.82E-06	5.94024	0
1.82E-06	5.94023	0
1.82E-06	5.94021	0
1.82E-06	5.9402	0
1.82E-06	5.94017	0
1.82E-06	5.94015	0
1.82E-06	5.94012	0
1.82E-06	5.94009	0
1.82E-06	5.94006	0
1.82E-06	5.94001	0
1.82E-06	5.93996	0
1.82E-06	5.93991	0
1.83E-06	5.93987	0
1.83E-06	5.93982	0
1.83E-06	5.93977	0
1.83E-06	5.93972	0
1.83E-06	5.93967	0
1.83E-06	5.93962	0
1.83E-06	5.93955	0
1.83E-06	5.93948	0
1.83E-06	5.93941	0
1.83E-06	5.93934	0
1.83E-06	5.93926	0
1.83E-06	5.93918	0
1.83E-06	5.9391	0
1.83E-06	5.93902	0
1.83E-06	5.93893	0
1.83E-06	5.93885	0
1.83E-06	5.93877	0
1.83E-06	5.93869	0
1.83E-06	5.93861	0
1.83E-06	5.93853	0
1.84E-06	5.93845	0
1.84E-06	5.93838	0
1.84E-06	5.9383	0
1.84E-06	5.93822	0
1.84E-06	5.93814	0
1.84E-06	5.93807	0
1.84E-06	5.93799	0
1.84E-06	5.93791	0
1.84E-06	5.93784	0
1.84E-06	5.93776	0
1.84E-06	5.93769	0
1.84E-06	5.93761	0
1.84E-06	5.93754	0
1.84E-06	5.93746	0
1.84E-06	5.93739	0
1.84E-06	5.93732	0
1.84E-06	5.93724	0
1.84E-06	5.93717	0
1.84E-06	5.9371	0
1.84E-06	5.93703	0
1.85E-06	5.93451	0
1.85E-06	5.93443	0
1.85E-06	5.93436	0
1.85E-06	5.93429	0
1.85E-06	5.93422	0
1.85E-06	5.93414	0
1.85E-06	5.93407	0
1.85E-06	5.934	0
1.85E-06	5.93393	0
1.85E-06	5.93386	0
1.85E-06	5.93379	0
1.85E-06	5.93372	0
1.85E-06	5.93365	0
1.85E-06	5.93358	0
1.85E-06	5.93351	0
1.85E-06	5.93345	0
1.85E-06	5.93338	0
1.85E-06	5.93331	0
1.85E-06	5.93324	0
1.85E-06	5.93318	0
1.86E-06	5.93311	0
1.86E-06	5.93304	0
1.86E-06	5.93298	0
1.86E-06	5.93291	0
1.86E-06	5.93285	0
1.86E-06	5.93278	0
1.86E-06	5.93272	0
1.86E-06	5.93265	0
1.86E-06	5.93259	0
1.86E-06	5.93252	0
1.86E-06	5.93246	0
1.86E-06	5.9324	0
1.86E-06	5.93234	0
1.86E-06	5.93227	0
1.86E-06	5.93221	0
1.86E-06	5.93215	0
1.86E-06	5.93209	0
1.86E-06	5.93203	0
1.86E-06	5.93197	0
1.86E-06	5.93191	0
1.87E-06	5.93185	0
1.87E-06	5.93179	0
1.87E-06	5.93173	0
1.87E-06	5.93167	0
1.87E-06	5.93162	0
1.87E-06	5.93156	0
1.87E-06	5.9315	0
1.87E-06	5.93145	0
1.87E-06	5.93139	0
1.87E-06	5.93134	0
1.87E-06	5.93128	0
1.87E-06	5.93122	0
1.87E-06	5.93117	0
1.87E-06	5.93112	0
1.87E-06	5.93106	0
1.87E-06	5.93101	0
1.87E-06	5.93096	0
1.87E-06	5.9309	0
1.87E-06	5.93085	0
1.87E-06	5.9308	0
1.88E-06	5.93075	0
1.88E-06	5.9307	0
1.88E-06	5.93065	0
1.88E-06	5.9306	0
1.88E-06	5.93056	0
1.88E-06	5.93051	0
1.88E-06	5.93046	0
1.88E-06	5.93041	0
1.88E-06	5.93037	0
1.88E-06	5.93032	0
1.88E-06	5.93028	0
1.88E-06	5.93024	0
1.88E-06	5.93019	0
1.88E-06	5.93015	0
1.88E-06	5.93011	0
1.88E-06	5.93007	0
1.88E-06	5.93003	0
1.88E-06	5.92999	0
1.88E-06	5.92995	0
1.88E-06	5.92991	0
1.89E-06	5.92988	0
1.89E-06	5.92984	0
1.89E-06	5.92981	0
1.89E-06	5.92977	0
1.89E-06	5.92974	0
1.89E-06	5.9297	0
1.89E-06	5.92967	0
1.89E-06	5.92964	0
1.89E-06	5.92961	0
1.89E-06	5.92957	0
1.89E-06	5.92954	0
1.89E-06	5.9295	0
1.89E-06	5.92946	0
1.89E-06	5.92943	0
1.89E-06	5.92939	0
1.89E-06	5.92934	0
1.89E-06	5.9293	0
1.89E-06	5.92925	0
1.89E-06	5.92921	0
1.89E-06	5.92916	0
1.90E-06	5.92911	0
1.90E-06	5.92907	0
1.90E-06	5.92903	0
1.90E-06	5.92898	0
1.90E-06	5.92893	0
1.90E-06	5.92888	0
1.90E-06	5.92882	0
1.90E-06	5.92877	0
1.90E-06	5.92872	0
1.90E-06	5.92866	0
1.90E-06	5.9286	0
1.90E-06	5.92855	0
1.90E-06	5.92849	0
1.90E-06	5.92843	0
1.90E-06	5.92837	0
1.90E-06	5.92832	0
1.90E-06	5.92826	0
1.90E-06	5.9282	0
1.90E-06	5.92815	0
1.90E-06	5.92809	0
1.91E-06	5.92804	0
1.91E-06	5.92798	0
1.91E-06	5.92793	0
1.91E-06	5.92788	0
1.91E-06	5.92782	0
1.91E-06	5.92777	0
1.91E-06	5.92772	0
1.91E-06	5.92767	0
1.91E-06	5.92761	0
1.91E-06	5.92756	0
1.91E-06	5.92751	0
1.91E-06	5.92746	0
1.91E-06	5.92741	0
1.91E-06	5.92736	0
1.91E-06	5.92731	0
1.91E-06	5.92726	0
1.91E-06	5.92721	0
1.91E-06	5.92716	0
1.91E-06	5.92711	0
1.91E-06	5.92706	0
1.92E-06	5.92701	0
1.92E-06	5.92697	0
1.92E-06	5.92207	0
1.92E-06	5.92201	0
1.92E-06	5.92196	0
1.92E-06	5.92191	0
1.92E-06	5.92186	0
1.92E-06	5.92181	0
1.92E-06	5.92176	0
1.92E-06	5.92171	0
1.92E-06	5.92166	0
1.92E-06	5.92161	0
1.92E-06	5.92156	0
1.92E-06	5.92151	0
1.92E-06	5.92146	0
1.92E-06	5.92141	0
1.92E-06	5.92136	0
1.92E-06	5.92132	0
1.92E-06	5.92127	0
1.92E-06	5.92122	0
1.93E-06	5.92117	0
1.93E-06	5.92112	0
1.93E-06	5.92108	0
1.93E-06	5.92103	0
1.93E-06	5.92098	0
1.93E-06	5.92094	0
1.93E-06	5.92089	0
1.93E-06	5.92084	0
1.93E-06	5.9208	0
1.93E-06	5.92075	0
1.93E-06	5.9207	0
1.93E-06	5.92066	0
1.93E-06	5.92061	0
1.93E-06	5.92057	0
1.93E-06	5.92052	0
1.93E-06	5.92048	0
1.93E-06	5.92044	0
1.93E-06	5.92039	0
1.93E-06	5.92035	0
1.93E-06	5.9203	0
1.94E-06	5.92026	0
1.94E-06	5.92021	0
1.94E-06	5.92017	0
1.94E-06	5.92013	0
1.94E-06	5.92009	0
1.94E-06	5.92005	0
1.94E-06	5.92001	0
1.94E-06	5.91997	0
1.94E-06	5.91993	0
1.94E-06	5.91989	0
1.94E-06	5.91985	0
1.94E-06	5.91981	0
1.94E-06	5.91977	0
1.94E-06	5.91973	0
1.94E-06	5.91969	0
1.94E-06	5.91966	0
1.94E-06	5.91962	0
1.94E-06	5.91958	0
1.94E-06	5.91954	0
1.94E-06	5.91951	0
1.95E-06	5.91947	0
1.95E-06	5.91944	0
1.95E-06	5.9194	0
1.95E-06	5.91937	0
1.95E-06	5.91933	0
1.95E-06	5.9193	0
1.95E-06	5.91927	0
1.95E-06	5.91923	0
1.95E-06	5.9192	0
1.95E-06	5.91917	0
1.95E-06	5.91914	0
1.95E-06	5.91911	0
1.95E-06	5.91908	0
1.95E-06	5.91906	0
1.95E-06	5.91903	0
1.95E-06	5.91901	0
1.95E-06	5.91898	0
1.95E-06	5.91896	0
1.95E-06	5.91893	0
1.95E-06	5.91891	0
1.96E-06	5.91889	0
1.96E-06	5.91886	0
1.96E-06	5.91884	0
1.96E-06	5.91883	0
1.96E-06	5.91881	0
1.96E-06	5.91879	0
1.96E-06	5.91878	0
1.96E-06	5.91876	0
1.96E-06	5.91875	0
1.96E-06	5.91874	0
1.96E-06	5.91872	0
1.96E-06	5.91871	0
1.96E-06	5.9187	0
1.96E-06	5.91869	0
1.96E-06	5.91868	0
1.96E-06	5.91867	0
1.96E-06	5.91867	0
1.96E-06	5.91866	0
1.96E-06	5.91864	0
1.96E-06	5.91863	0
1.97E-06	5.91861	0
1.97E-06	5.91859	0
1.97E-06	5.91857	0
1.97E-06	5.91855	0
1.97E-06	5.91851	0
1.97E-06	5.91847	0
1.97E-06	5.91844	0
1.97E-06	5.9184	0
1.97E-06	5.91836	0
1.97E-06	5.91833	0
1.97E-06	5.91829	0
1.97E-06	5.91826	0
1.97E-06	5.91822	0
1.97E-06	5.91818	0
1.97E-06	5.91813	0
1.97E-06	5.91807	0
1.97E-06	5.91802	0
1.97E-06	5.91797	0
1.97E-06	5.91791	0
1.97E-06	5.91785	0
1.98E-06	5.91779	0
1.98E-06	5.91772	0
1.98E-06	5.91766	0
1.98E-06	5.9176	0
1.98E-06	5.91753	0
1.98E-06	5.91747	0
1.98E-06	5.9174	0
1.98E-06	5.91734	0
1.98E-06	5.91728	0
1.98E-06	5.91722	0
1.98E-06	5.91716	0
1.98E-06	5.91709	0
1.98E-06	5.91703	0
1.98E-06	5.91697	0
1.98E-06	5.91691	0
1.98E-06	5.91685	0
1.98E-06	5.91679	0
1.98E-06	5.91673	0
1.98E-06	5.91667	0
1.98E-06	5.91661	0
1.99E-06	5.91655	0
1.99E-06	5.91649	0
1.99E-06	5.91643	0
1.99E-06	5.91638	0
1.99E-06	5.91632	0
1.99E-06	5.91626	0
1.99E-06	5.9162	0
1.99E-06	5.91614	0
1.99E-06	5.91609	0
1.99E-06	5.91603	0
1.99E-06	5.91597	0
1.99E-06	5.91592	0
1.99E-06	5.91586	0
1.99E-06	5.91581	0
1.99E-06	5.91335	0
1.99E-06	5.9133	0
1.99E-06	5.91324	0
1.99E-06	5.91318	0
1.99E-06	5.91313	0
1.99E-06	5.91307	0
2.00E-06	5.91301	0
2.00E-06	5.91296	0
2.00E-06	5.9129	0
2.00E-06	5.91285	0
2.00E-06	5.91279	0
2.00E-06	5.91274	0
2.00E-06	5.91268	0
2.00E-06	5.91263	0
2.00E-06	5.91258	0
2.00E-06	5.91252	0
2.00E-06	5.91247	0
