3901
5e-008	0.0160737	0.90988
5.05e-008	0.00234183	0.939401
5.1e-008	-0.0093889	0.970264
5.15e-008	-0.0186311	1.00404
5.2e-008	-0.0242584	1.04066
5.25e-008	-0.0254955	1.07995
5.3e-008	-0.0214127	1.12174
5.35e-008	-0.0105586	1.16586
5.4e-008	0.0111885	1.21135
5.45e-008	0.0434903	1.24913
5.5e-008	0.0807904	1.27885
5.55e-008	0.121221	1.30093
5.6e-008	0.164081	1.31576
5.65e-008	0.212885	1.31907
5.7e-008	0.249548	1.30738
5.75e-008	0.2779	1.2941
5.8e-008	0.300512	1.27933
5.85e-008	0.31784	1.26314
5.9e-008	0.328889	1.24561
5.95e-008	0.332947	1.23176
6e-008	0.334526	1.22097
6.05e-008	0.333914	1.21285
6.1e-008	0.331665	1.20727
6.15e-008	0.328207	1.2041
6.2e-008	0.323355	1.20328
6.25e-008	0.319389	1.20673
6.3e-008	0.316883	1.21094
6.35e-008	0.314935	1.21585
6.4e-008	0.313335	1.22145
6.45e-008	0.31199	1.22769
6.5e-008	0.310866	1.23455
6.55e-008	0.30994	1.24199
6.6e-008	0.309203	1.24999
6.65e-008	0.30865	1.25851
6.7e-008	0.308268	1.26754
6.75e-008	0.308023	1.27704
6.8e-008	0.307872	1.28699
6.85e-008	0.30766	1.29737
6.9e-008	0.306617	1.30868
6.95e-008	0.306735	1.32202
7e-008	0.307891	1.33576
7.05e-008	0.309803	1.34989
7.1e-008	0.312393	1.36437
7.15e-008	0.315628	1.3792
7.2e-008	0.319499	1.39435
7.25e-008	0.324021	1.4098
7.3e-008	0.329194	1.42554
7.35e-008	0.335036	1.44156
7.4e-008	0.341565	1.45783
7.45e-008	0.348814	1.47435
7.5e-008	0.356816	1.49109
7.55e-008	0.365592	1.50805
7.6e-008	0.375205	1.52521
7.65e-008	0.385691	1.54256
7.7e-008	0.397109	1.56009
7.75e-008	0.409264	1.57782
7.8e-008	0.423559	1.59667
7.85e-008	0.439943	1.61438
7.9e-008	0.457654	1.63099
7.95e-008	0.476415	1.64654
8e-008	0.496052	1.66107
8.05e-008	0.516466	1.6746
8.1e-008	0.537614	1.68718
8.15e-008	0.559477	1.69882
8.2e-008	0.582153	1.70958
8.25e-008	0.605977	1.71946
8.3e-008	0.631526	1.72665
8.35e-008	0.656123	1.73171
8.4e-008	0.680381	1.73545
8.45e-008	0.704347	1.7379
8.5e-008	0.727985	1.73912
8.55e-008	0.751249	1.73914
8.6e-008	0.774077	1.73801
8.65e-008	0.796407	1.73576
8.7e-008	0.818181	1.73244
8.75e-008	0.839328	1.72809
8.8e-008	0.859794	1.72273
8.85e-008	0.879595	1.7164
8.9e-008	0.898271	1.70849
8.95e-008	0.915252	1.70028
9e-008	0.931149	1.69191
9.05e-008	0.946095	1.68339
9.1e-008	0.960201	1.67472
9.15e-008	0.973503	1.66592
9.2e-008	0.986062	1.65698
9.25e-008	0.997816	1.64792
9.3e-008	1.00886	1.63874
9.35e-008	1.0191	1.62944
9.4e-008	1.02854	1.62003
9.45e-008	1.03711	1.61052
9.5e-008	1.04455	1.60091
9.55e-008	1.05003	1.59175
9.6e-008	1.05539	1.58438
9.65e-008	1.06072	1.57738
9.7e-008	1.06585	1.57075
9.75e-008	1.07071	1.56446
9.8e-008	1.07535	1.55852
9.85e-008	1.07979	1.55291
9.9e-008	1.08406	1.54761
9.95e-008	1.08813	1.54264
1e-007	1.09208	1.53796
1.005e-007	1.09592	1.53358
1.01e-007	1.09968	1.5295
1.015e-007	1.10331	1.52569
1.02e-007	1.10687	1.52215
1.025e-007	1.11004	1.51896
1.03e-007	1.11381	1.5169
1.035e-007	1.11826	1.51466
1.04e-007	1.12292	1.51226
1.045e-007	1.12776	1.50969
1.05e-007	1.13271	1.50696
1.055e-007	1.13771	1.50408
1.06e-007	1.14271	1.50104
1.065e-007	1.14771	1.49787
1.07e-007	1.15271	1.49455
1.075e-007	1.15772	1.49109
1.08e-007	1.16298	1.48724
1.085e-007	1.16769	1.48286
1.09e-007	1.17204	1.4784
1.095e-007	1.1761	1.47386
1.1e-007	1.1799	1.46925
1.105e-007	1.1834	1.46456
1.11e-007	1.18663	1.4598
1.115e-007	1.18955	1.45497
1.12e-007	1.19212	1.45008
1.125e-007	1.19429	1.44513
1.13e-007	1.19599	1.44011
1.135e-007	1.197	1.43503
1.14e-007	1.19676	1.43069
1.145e-007	1.19682	1.42735
1.15e-007	1.19693	1.42435
1.155e-007	1.19701	1.42167
1.16e-007	1.19707	1.41931
1.165e-007	1.19715	1.41725
1.17e-007	1.19727	1.4155
1.175e-007	1.19745	1.41403
1.18e-007	1.19771	1.41286
1.185e-007	1.19808	1.41196
1.19e-007	1.1986	1.41133
1.195e-007	1.19931	1.41097
1.2e-007	1.20026	1.41087
1.205e-007	1.20138	1.41114
1.21e-007	1.20338	1.41167
1.215e-007	1.20593	1.41187
1.22e-007	1.20881	1.41176
1.225e-007	1.21193	1.41134
1.23e-007	1.21525	1.41062
1.235e-007	1.21866	1.40961
1.24e-007	1.22217	1.40831
1.245e-007	1.22576	1.40673
1.25e-007	1.22941	1.40488
1.255e-007	1.23313	1.40277
1.26e-007	1.23687	1.40039
1.265e-007	1.24073	1.39777
1.27e-007	1.24479	1.39489
1.275e-007	1.24934	1.39178
1.28e-007	1.25568	1.38694
1.285e-007	1.25945	1.37951
1.29e-007	1.26174	1.37223
1.295e-007	1.26307	1.3651
1.3e-007	1.26369	1.35811
1.305e-007	1.26366	1.35127
1.31e-007	1.26311	1.34457
1.315e-007	1.26209	1.33801
1.32e-007	1.26059	1.33158
1.325e-007	1.25869	1.32529
1.33e-007	1.25638	1.31913
1.335e-007	1.25369	1.31309
1.34e-007	1.25059	1.30718
1.345e-007	1.24712	1.3014
1.35e-007	1.2433	1.29573
1.355e-007	1.23902	1.29019
1.36e-007	1.23436	1.28476
1.365e-007	1.22928	1.27944
1.37e-007	1.22362	1.27424
1.375e-007	1.2173	1.26915
1.38e-007	1.20986	1.26485
1.385e-007	1.20262	1.26156
1.39e-007	1.1954	1.25858
1.395e-007	1.18808	1.25591
1.4e-007	1.18058	1.25354
1.405e-007	1.17295	1.25145
1.41e-007	1.16516	1.24966
1.415e-007	1.1572	1.24815
1.42e-007	1.1491	1.24691
1.425e-007	1.14077	1.24594
1.43e-007	1.1323	1.24524
1.435e-007	1.12361	1.24479
1.44e-007	1.11468	1.2446
1.445e-007	1.10542	1.24464
1.45e-007	1.09573	1.24519
1.455e-007	1.08583	1.24628
1.46e-007	1.07579	1.24792
1.465e-007	1.06564	1.25008
1.47e-007	1.05546	1.25276
1.475e-007	1.04519	1.25594
1.48e-007	1.03496	1.25962
1.485e-007	1.02474	1.26379
1.49e-007	1.01457	1.26844
1.495e-007	1.00448	1.27355
1.5e-007	0.994476	1.27911
1.505e-007	0.984611	1.28512
1.51e-007	0.974902	1.29158
1.515e-007	0.965507	1.29822
1.52e-007	0.955936	1.30515
1.525e-007	0.946438	1.31254
1.53e-007	0.936997	1.32037
1.535e-007	0.927729	1.32864
1.54e-007	0.918584	1.33733
1.545e-007	0.909641	1.34644
1.55e-007	0.900889	1.35595
1.555e-007	0.892352	1.36586
1.56e-007	0.884059	1.37617
1.565e-007	0.876012	1.38686
1.57e-007	0.868244	1.39792
1.575e-007	0.860787	1.40935
1.58e-007	0.853636	1.42114
1.585e-007	0.846856	1.43328
1.59e-007	0.840415	1.44579
1.595e-007	0.834647	1.45869
1.6e-007	0.82944	1.47159
1.605e-007	0.824661	1.4845
1.61e-007	0.820229	1.49741
1.615e-007	0.816152	1.51032
1.62e-007	0.812349	1.52324
1.625e-007	0.80884	1.53615
1.63e-007	0.805568	1.54906
1.635e-007	0.802574	1.56197
1.64e-007	0.799768	1.57488
1.645e-007	0.797209	1.58779
1.65e-007	0.79481	1.60069
1.655e-007	0.792638	1.61359
1.66e-007	0.790631	1.62648
1.665e-007	0.788813	1.63937
1.67e-007	0.78715	1.65225
1.675e-007	0.785635	1.66513
1.68e-007	0.78425	1.67795
1.685e-007	0.782907	1.69082
1.69e-007	0.781705	1.70376
1.695e-007	0.78059	1.71676
1.7e-007	0.779629	1.72981
1.705e-007	0.778807	1.74291
1.71e-007	0.778108	1.75607
1.715e-007	0.777571	1.76929
1.72e-007	0.777147	1.78255
1.725e-007	0.776878	1.79586
1.73e-007	0.776715	1.80922
1.735e-007	0.776717	1.82262
1.74e-007	0.776845	1.83607
1.745e-007	0.777095	1.84956
1.75e-007	0.777504	1.8631
1.755e-007	0.777983	1.87667
1.76e-007	0.778632	1.89028
1.765e-007	0.779405	1.90393
1.77e-007	0.780323	1.91762
1.775e-007	0.781403	1.9311
1.78e-007	0.782258	1.94467
1.785e-007	0.783145	1.95841
1.79e-007	0.784105	1.97233
1.795e-007	0.785139	1.98641
1.8e-007	0.786324	2.00066
1.805e-007	0.787598	2.01507
1.81e-007	0.78905	2.02964
1.815e-007	0.790685	2.04437
1.82e-007	0.792458	2.05925
1.825e-007	0.794443	2.07427
1.83e-007	0.796626	2.08945
1.835e-007	0.799027	2.10476
1.84e-007	0.801666	2.12022
1.845e-007	0.804518	2.13581
1.85e-007	0.807656	2.15154
1.855e-007	0.811124	2.16739
1.86e-007	0.814855	2.18338
1.865e-007	0.818995	2.19949
1.87e-007	0.823644	2.21572
1.875e-007	0.828984	2.23208
1.88e-007	0.83625	2.24756
1.885e-007	0.842022	2.26088
1.89e-007	0.846872	2.27457
1.895e-007	0.851338	2.28861
1.9e-007	0.85562	2.30301
1.905e-007	0.859833	2.31774
1.91e-007	0.864064	2.33282
1.915e-007	0.868364	2.34822
1.92e-007	0.872779	2.36395
1.925e-007	0.877361	2.38
1.93e-007	0.882119	2.39637
1.935e-007	0.887125	2.41304
1.94e-007	0.892402	2.43002
1.945e-007	0.897955	2.4473
1.95e-007	0.903833	2.46487
1.955e-007	0.910058	2.48272
1.96e-007	0.916623	2.50086
1.965e-007	0.923485	2.51928
1.97e-007	0.930271	2.53869
1.975e-007	0.939061	2.55895
1.98e-007	0.949064	2.57875
1.985e-007	0.959921	2.59809
1.99e-007	0.971485	2.617
1.995e-007	0.983599	2.63547
2e-007	0.996244	2.6535
2.005e-007	1.00938	2.67112
2.01e-007	1.02285	2.68831
2.015e-007	1.03674	2.70508
2.02e-007	1.05098	2.72145
2.025e-007	1.06556	2.73741
2.03e-007	1.08057	2.75298
2.035e-007	1.0963	2.76752
2.04e-007	1.11132	2.78121
2.045e-007	1.12609	2.79474
2.05e-007	1.1408	2.80812
2.055e-007	1.15554	2.82134
2.06e-007	1.17025	2.8344
2.065e-007	1.18504	2.84732
2.07e-007	1.19992	2.86009
2.075e-007	1.21486	2.87271
2.08e-007	1.22989	2.88518
2.085e-007	1.24504	2.89752
2.09e-007	1.26031	2.90971
2.095e-007	1.27567	2.92175
2.1e-007	1.29117	2.93366
2.105e-007	1.30684	2.94544
2.11e-007	1.32266	2.95707
2.115e-007	1.33865	2.96857
2.12e-007	1.35488	2.97994
2.125e-007	1.3714	2.99118
2.13e-007	1.38823	3.00229
2.135e-007	1.40574	3.01327
2.14e-007	1.4247	3.02284
2.145e-007	1.44225	3.03086
2.15e-007	1.45914	3.03879
2.155e-007	1.4757	3.04663
2.16e-007	1.49203	3.05439
2.165e-007	1.50817	3.06205
2.17e-007	1.52416	3.06963
2.175e-007	1.54004	3.07712
2.18e-007	1.55584	3.08452
2.185e-007	1.57154	3.09185
2.19e-007	1.58717	3.09908
2.195e-007	1.60273	3.10624
2.2e-007	1.61827	3.11332
2.205e-007	1.63371	3.12031
2.21e-007	1.64911	3.12723
2.215e-007	1.66447	3.13406
2.22e-007	1.67982	3.14082
2.225e-007	1.69507	3.1475
2.23e-007	1.71032	3.15411
2.235e-007	1.7255	3.16064
2.24e-007	1.7407	3.16709
2.245e-007	1.75578	3.17347
2.25e-007	1.77086	3.17978
2.255e-007	1.78587	3.18602
2.26e-007	1.80088	3.19218
2.265e-007	1.81577	3.19828
2.27e-007	1.83062	3.2043
2.275e-007	1.84541	3.21026
2.28e-007	1.8601	3.21614
2.285e-007	1.87466	3.22196
2.29e-007	1.88904	3.22771
2.295e-007	1.90309	3.2334
2.3e-007	1.91676	3.23977
2.305e-007	1.93084	3.24635
2.31e-007	1.94506	3.25296
2.315e-007	1.95938	3.25961
2.32e-007	1.97376	3.26629
2.325e-007	1.98825	3.273
2.33e-007	2.00274	3.27974
2.335e-007	2.01735	3.28651
2.34e-007	2.03201	3.29331
2.345e-007	2.04676	3.30014
2.35e-007	2.06157	3.307
2.355e-007	2.07645	3.31388
2.36e-007	2.09143	3.3208
2.365e-007	2.1065	3.32774
2.37e-007	2.12167	3.33471
2.375e-007	2.13688	3.3417
2.38e-007	2.15224	3.34872
2.385e-007	2.16768	3.35576
2.39e-007	2.18323	3.36283
2.395e-007	2.19888	3.36992
2.4e-007	2.21464	3.37704
2.405e-007	2.23054	3.38417
2.41e-007	2.24657	3.39134
2.415e-007	2.26273	3.39852
2.42e-007	2.279	3.40572
2.425e-007	2.29541	3.41295
2.43e-007	2.31198	3.42019
2.435e-007	2.32872	3.42746
2.44e-007	2.34564	3.43475
2.445e-007	2.36269	3.44205
2.45e-007	2.37995	3.44938
2.455e-007	2.39742	3.45672
2.46e-007	2.41512	3.46408
2.465e-007	2.43308	3.47146
2.47e-007	2.45132	3.47885
2.475e-007	2.47002	3.48627
2.48e-007	2.48966	3.49359
2.485e-007	2.50921	3.49938
2.49e-007	2.52827	3.50517
2.495e-007	2.54719	3.51096
2.5e-007	2.56611	3.51676
2.505e-007	2.58501	3.52255
2.51e-007	2.60398	3.52835
2.515e-007	2.62301	3.53416
2.52e-007	2.64208	3.53996
2.525e-007	2.66126	3.54577
2.53e-007	2.68054	3.55158
2.535e-007	2.69991	3.55739
2.54e-007	2.7194	3.5632
2.545e-007	2.73897	3.56902
2.55e-007	2.75866	3.57483
2.555e-007	2.77846	3.58065
2.56e-007	2.79834	3.58647
2.565e-007	2.81834	3.59229
2.57e-007	2.83832	3.59811
2.575e-007	2.85826	3.60393
2.58e-007	2.87793	3.60975
2.585e-007	2.89623	3.61698
2.59e-007	2.91697	3.626
2.595e-007	2.93909	3.63459
2.6e-007	2.96208	3.64273
2.605e-007	2.98575	3.65044
2.61e-007	3.00996	3.65772
2.615e-007	3.03466	3.66457
2.62e-007	3.05978	3.671
2.625e-007	3.08521	3.67702
2.63e-007	3.11096	3.68262
2.635e-007	3.13701	3.68782
2.64e-007	3.16328	3.69261
2.645e-007	3.18979	3.69701
2.65e-007	3.21643	3.70101
2.655e-007	3.24322	3.70462
2.66e-007	3.27012	3.70785
2.665e-007	3.29708	3.7107
2.67e-007	3.32406	3.71317
2.675e-007	3.351	3.71526
2.68e-007	3.37774	3.71699
2.685e-007	3.40415	3.71836
2.69e-007	3.42991	3.71936
2.695e-007	3.4535	3.72001
2.7e-007	3.47674	3.72677
2.705e-007	3.50407	3.73325
2.71e-007	3.53299	3.73901
2.715e-007	3.56305	3.74407
2.72e-007	3.594	3.74842
2.725e-007	3.62567	3.75207
2.73e-007	3.65796	3.75504
2.735e-007	3.69082	3.75733
2.74e-007	3.72409	3.75895
2.745e-007	3.7578	3.7599
2.75e-007	3.79188	3.7602
2.755e-007	3.82631	3.75985
2.76e-007	3.86105	3.75885
2.765e-007	3.89607	3.75722
2.77e-007	3.93129	3.75496
2.775e-007	3.96675	3.75207
2.78e-007	4.00243	3.74857
2.785e-007	4.03827	3.74446
2.79e-007	4.07427	3.73975
2.795e-007	4.11041	3.73444
2.8e-007	4.14664	3.72855
2.805e-007	4.18291	3.72207
2.81e-007	4.21915	3.71501
2.815e-007	4.25519	3.70739
2.82e-007	4.29022	3.70032
2.825e-007	4.32708	3.69392
2.83e-007	4.36489	3.68664
2.835e-007	4.4033	3.67849
2.84e-007	4.44215	3.66949
2.845e-007	4.48138	3.65965
2.85e-007	4.5209	3.64896
2.855e-007	4.56067	3.63744
2.86e-007	4.60067	3.62511
2.865e-007	4.64082	3.61196
2.87e-007	4.68113	3.59801
2.875e-007	4.72159	3.58326
2.88e-007	4.76217	3.56773
2.885e-007	4.80287	3.55142
2.89e-007	4.84371	3.53434
2.895e-007	4.88465	3.51651
2.9e-007	4.92567	3.49791
2.905e-007	4.96684	3.47858
2.91e-007	5.00813	3.45851
2.915e-007	5.0496	3.4377
2.92e-007	5.09124	3.41618
2.925e-007	5.13315	3.39395
2.93e-007	5.17535	3.37101
2.935e-007	5.2179	3.34737
2.94e-007	5.26102	3.32304
2.945e-007	5.30487	3.29803
2.95e-007	5.35004	3.27234
2.955e-007	5.39772	3.24418
2.96e-007	5.44516	3.21285
2.965e-007	5.4924	3.17924
2.97e-007	5.53934	3.14337
2.975e-007	5.58584	3.10527
2.98e-007	5.6318	3.06495
2.985e-007	5.67701	3.02245
2.99e-007	5.72131	2.97779
2.995e-007	5.76462	2.93098
3e-007	5.80671	2.88205
3.005e-007	5.84739	2.83103
3.01e-007	5.8865	2.77793
3.015e-007	5.92381	2.72277
3.02e-007	5.95886	2.66558
3.025e-007	5.99049	2.60677
3.03e-007	6.01988	2.54847
3.035e-007	6.04759	2.48969
3.04e-007	6.07367	2.43045
3.045e-007	6.09812	2.37073
3.05e-007	6.12109	2.31056
3.055e-007	6.14253	2.24992
3.06e-007	6.16254	2.18884
3.065e-007	6.18111	2.12732
3.07e-007	6.19839	2.06535
3.075e-007	6.21433	2.00296
3.08e-007	6.22898	1.94013
3.085e-007	6.24264	1.87688
3.09e-007	6.25556	1.81321
3.095e-007	6.26884	1.74913
3.1e-007	6.2905	1.68228
3.105e-007	6.29667	1.59262
3.11e-007	6.28656	1.51195
3.115e-007	6.26955	1.44019
3.12e-007	6.24946	1.37724
3.125e-007	6.22913	1.32303
3.13e-007	6.21181	1.27748
3.135e-007	6.20191	1.24049
3.14e-007	6.21524	1.20347
3.145e-007	6.22026	1.1454
3.15e-007	6.22074	1.09368
3.155e-007	6.22455	1.04823
3.16e-007	6.23825	1.00901
3.165e-007	6.27062	0.975954
3.17e-007	6.34086	0.949005
3.175e-007	6.51657	0.928105
3.18e-007	6.89009	0
3.185e-007	6.29557	0
3.19e-007	6.074	0
3.195e-007	5.92491	0
3.2e-007	5.80977	0
3.205e-007	5.71419	0
3.21e-007	5.63175	0
3.215e-007	5.55907	0
3.22e-007	5.49358	0
3.225e-007	5.43397	0
3.23e-007	5.37897	0
3.235e-007	5.32805	0
3.24e-007	5.28042	0
3.245e-007	5.23565	0
3.25e-007	5.19353	0
3.255e-007	5.15364	0
3.26e-007	5.11576	0
3.265e-007	5.07963	0
3.27e-007	5.0452	0
3.275e-007	5.01223	0
3.28e-007	4.98064	0
3.285e-007	4.95022	0
3.29e-007	4.92098	0
3.295e-007	4.89283	0
3.3e-007	4.86564	0
3.305e-007	4.8394	0
3.31e-007	4.81401	0
3.315e-007	4.78947	0
3.32e-007	4.76563	0
3.325e-007	4.74255	0
3.33e-007	4.7201	0
3.335e-007	4.69827	0
3.34e-007	4.6771	0
3.345e-007	4.65648	0
3.35e-007	4.63642	0
3.355e-007	4.61683	0
3.36e-007	4.59779	0
3.365e-007	4.5792	0
3.37e-007	4.56107	0
3.375e-007	4.54332	0
3.38e-007	4.526	0
3.385e-007	4.50909	0
3.39e-007	4.49254	0
3.395e-007	4.47636	0
3.4e-007	4.46053	0
3.405e-007	4.44505	0
3.41e-007	4.42988	0
3.415e-007	4.41502	0
3.42e-007	4.40044	0
3.425e-007	4.38614	0
3.43e-007	4.37214	0
3.435e-007	4.35841	0
3.44e-007	4.34494	0
3.445e-007	4.33171	0
3.45e-007	4.31873	0
3.455e-007	4.30599	0
3.46e-007	4.29349	0
3.465e-007	4.28118	0
3.47e-007	4.26908	0
3.475e-007	4.2572	0
3.48e-007	4.24551	0
3.485e-007	4.23403	0
3.49e-007	4.22274	0
3.495e-007	4.21163	0
3.5e-007	4.2007	0
3.505e-007	4.18995	0
3.51e-007	4.17938	0
3.515e-007	4.16894	0
3.52e-007	4.15867	0
3.525e-007	4.14855	0
3.53e-007	4.13861	0
3.535e-007	4.12879	0
3.54e-007	4.11913	0
3.545e-007	4.10961	0
3.55e-007	4.10023	0
3.555e-007	4.09098	0
3.56e-007	4.08188	0
3.565e-007	4.07288	0
3.57e-007	4.064	0
3.575e-007	4.05525	0
3.58e-007	4.04661	0
3.585e-007	4.03812	0
3.59e-007	4.02971	0
3.595e-007	4.02143	0
3.6e-007	4.01326	0
3.605e-007	4.00518	0
3.61e-007	3.99723	0
3.615e-007	3.98936	0
3.62e-007	3.98159	0
3.625e-007	3.97392	0
3.63e-007	3.96634	0
3.635e-007	3.95887	0
3.64e-007	3.95148	0
3.645e-007	3.94418	0
3.65e-007	3.93696	0
3.655e-007	3.92985	0
3.66e-007	3.92281	0
3.665e-007	3.91588	0
3.67e-007	3.909	0
3.675e-007	3.9022	0
3.68e-007	3.89547	0
3.685e-007	3.88883	0
3.69e-007	3.88226	0
3.695e-007	3.87577	0
3.7e-007	3.86935	0
3.705e-007	3.86301	0
3.71e-007	3.85674	0
3.715e-007	3.85054	0
3.72e-007	3.84441	0
3.725e-007	3.83833	0
3.73e-007	3.83231	0
3.735e-007	3.82636	0
3.74e-007	3.82046	0
3.745e-007	3.81465	0
3.75e-007	3.80889	0
3.755e-007	3.80319	0
3.76e-007	3.79755	0
3.765e-007	3.79197	0
3.77e-007	3.78644	0
3.775e-007	3.78099	0
3.78e-007	3.77559	0
3.785e-007	3.77022	0
3.79e-007	3.7649	0
3.795e-007	3.75963	0
3.8e-007	3.75443	0
3.805e-007	3.74928	0
3.81e-007	3.74417	0
3.815e-007	3.73912	0
3.82e-007	3.73411	0
3.825e-007	3.72916	0
3.83e-007	3.72426	0
3.835e-007	3.71942	0
3.84e-007	3.71458	0
3.845e-007	3.70982	0
3.85e-007	3.70507	0
3.855e-007	3.70038	0
3.86e-007	3.69572	0
3.865e-007	3.69114	0
3.87e-007	3.68657	0
3.875e-007	3.68206	0
3.88e-007	3.67758	0
3.885e-007	3.67314	0
3.89e-007	3.66876	0
3.895e-007	3.66441	0
3.9e-007	3.6601	0
3.905e-007	3.65581	0
3.91e-007	3.65155	0
3.915e-007	3.64733	0
3.92e-007	3.64314	0
3.925e-007	3.63901	0
3.93e-007	3.63491	0
3.935e-007	3.63084	0
3.94e-007	3.62681	0
3.945e-007	3.62282	0
3.95e-007	3.61885	0
3.955e-007	3.61494	0
3.96e-007	3.61106	0
3.965e-007	3.60716	0
3.97e-007	3.60333	0
3.975e-007	3.59951	0
3.98e-007	3.59574	0
3.985e-007	3.59199	0
3.99e-007	3.58828	0
3.995e-007	3.58461	0
4e-007	3.58094	0
4.005e-007	3.57731	0
4.01e-007	3.57373	0
4.015e-007	3.57017	0
4.02e-007	3.56663	0
4.025e-007	3.56314	0
4.03e-007	3.55965	0
4.035e-007	3.55618	0
4.04e-007	3.55273	0
4.045e-007	3.54933	0
4.05e-007	3.54596	0
4.055e-007	3.54259	0
4.06e-007	3.53927	0
4.065e-007	3.53596	0
4.07e-007	3.5327	0
4.075e-007	3.52943	0
4.08e-007	3.52622	0
4.085e-007	3.52303	0
4.09e-007	3.51986	0
4.095e-007	3.5167	0
4.1e-007	3.51354	0
4.105e-007	3.51043	0
4.11e-007	3.50733	0
4.115e-007	3.50427	0
4.12e-007	3.50121	0
4.125e-007	3.4982	0
4.13e-007	3.4952	0
4.135e-007	3.49222	0
4.14e-007	3.48926	0
4.145e-007	3.48633	0
4.15e-007	3.48341	0
4.155e-007	3.48052	0
4.16e-007	3.47766	0
4.165e-007	3.47479	0
4.17e-007	3.47196	0
4.175e-007	3.46913	0
4.18e-007	3.46632	0
4.185e-007	3.46354	0
4.19e-007	3.4608	0
4.195e-007	3.45806	0
4.2e-007	3.45532	0
4.205e-007	3.45263	0
4.21e-007	3.44995	0
4.215e-007	3.44727	0
4.22e-007	3.44464	0
4.225e-007	3.44201	0
4.23e-007	3.43941	0
4.235e-007	3.4368	0
4.24e-007	3.43422	0
4.245e-007	3.43165	0
4.25e-007	3.42911	0
4.255e-007	3.42657	0
4.26e-007	3.42406	0
4.265e-007	3.42158	0
4.27e-007	3.41909	0
4.275e-007	3.41663	0
4.28e-007	3.41418	0
4.285e-007	3.41173	0
4.29e-007	3.40932	0
4.295e-007	3.40693	0
4.3e-007	3.40456	0
4.305e-007	3.40221	0
4.31e-007	3.39984	0
4.315e-007	3.3975	0
4.32e-007	3.39515	0
4.325e-007	3.39284	0
4.33e-007	3.39054	0
4.335e-007	3.38826	0
4.34e-007	3.38598	0
4.345e-007	3.38374	0
4.35e-007	3.38149	0
4.355e-007	3.37927	0
4.36e-007	3.37704	0
4.365e-007	3.37485	0
4.37e-007	3.37268	0
4.375e-007	3.37052	0
4.38e-007	3.36835	0
4.385e-007	3.36622	0
4.39e-007	3.36407	0
4.395e-007	3.36195	0
4.4e-007	3.35982	0
4.405e-007	3.35772	0
4.41e-007	3.35564	0
4.415e-007	3.35355	0
4.42e-007	3.3515	0
4.425e-007	3.34946	0
4.43e-007	3.34741	0
4.435e-007	3.34538	0
4.44e-007	3.34339	0
4.445e-007	3.34138	0
4.45e-007	3.33939	0
4.455e-007	3.33745	0
4.46e-007	3.33549	0
4.465e-007	3.33354	0
4.47e-007	3.33157	0
4.475e-007	3.32963	0
4.48e-007	3.32771	0
4.485e-007	3.32579	0
4.49e-007	3.32388	0
4.495e-007	3.322	0
4.5e-007	3.32012	0
4.505e-007	3.31826	0
4.51e-007	3.31639	0
4.515e-007	3.31455	0
4.52e-007	3.31272	0
4.525e-007	3.31089	0
4.53e-007	3.30907	0
4.535e-007	3.30727	0
4.54e-007	3.30549	0
4.545e-007	3.3037	0
4.55e-007	3.30194	0
4.555e-007	3.30016	0
4.56e-007	3.29838	0
4.565e-007	3.29662	0
4.57e-007	3.29489	0
4.575e-007	3.29315	0
4.58e-007	3.29145	0
4.585e-007	3.28972	0
4.59e-007	3.28802	0
4.595e-007	3.28634	0
4.6e-007	3.28466	0
4.605e-007	3.28297	0
4.61e-007	3.28131	0
4.615e-007	3.27967	0
4.62e-007	3.27804	0
4.625e-007	3.27641	0
4.63e-007	3.27477	0
4.635e-007	3.27315	0
4.64e-007	3.27151	0
4.645e-007	3.2699	0
4.65e-007	3.26831	0
4.655e-007	3.26672	0
4.66e-007	3.26512	0
4.665e-007	3.26355	0
4.67e-007	3.262	0
4.675e-007	3.26043	0
4.68e-007	3.2589	0
4.685e-007	3.25734	0
4.69e-007	3.25582	0
4.695e-007	3.25428	0
4.7e-007	3.25279	0
4.705e-007	3.25129	0
4.71e-007	3.2498	0
4.715e-007	3.2483	0
4.72e-007	3.24681	0
4.725e-007	3.24534	0
4.73e-007	3.24384	0
4.735e-007	3.24238	0
4.74e-007	3.24092	0
4.745e-007	3.23945	0
4.75e-007	3.23801	0
4.755e-007	3.23659	0
4.76e-007	3.23516	0
4.765e-007	3.23374	0
4.77e-007	3.23233	0
4.775e-007	3.23091	0
4.78e-007	3.2295	0
4.785e-007	3.22812	0
4.79e-007	3.22673	0
4.795e-007	3.22537	0
4.8e-007	3.22399	0
4.805e-007	3.22265	0
4.81e-007	3.22127	0
4.815e-007	3.21993	0
4.82e-007	3.21857	0
4.825e-007	3.21722	0
4.83e-007	3.21586	0
4.835e-007	3.21455	0
4.84e-007	3.21322	0
4.845e-007	3.21191	0
4.85e-007	3.21059	0
4.855e-007	3.2093	0
4.86e-007	3.20799	0
4.865e-007	3.20671	0
4.87e-007	3.20541	0
4.875e-007	3.20413	0
4.88e-007	3.20286	0
4.885e-007	3.20161	0
4.89e-007	3.20036	0
4.895e-007	3.19911	0
4.9e-007	3.19786	0
4.905e-007	3.19663	0
4.91e-007	3.19537	0
4.915e-007	3.19413	0
4.92e-007	3.19289	0
4.925e-007	3.19168	0
4.93e-007	3.19044	0
4.935e-007	3.18923	0
4.94e-007	3.18803	0
4.945e-007	3.18685	0
4.95e-007	3.18566	0
4.955e-007	3.18445	0
4.96e-007	3.18328	0
4.965e-007	3.1821	0
4.97e-007	3.18091	0
4.975e-007	3.17976	0
4.98e-007	3.17859	0
4.985e-007	3.17744	0
4.99e-007	3.17629	0
4.995e-007	3.17518	0
5e-007	3.17405	0
5.005e-007	3.17291	0
5.01e-007	3.17176	0
5.015e-007	3.17064	0
5.02e-007	3.16949	0
5.025e-007	3.16836	0
5.03e-007	3.16726	0
5.035e-007	3.16615	0
5.04e-007	3.16504	0
5.045e-007	3.16394	0
5.05e-007	3.16285	0
5.055e-007	3.16177	0
5.06e-007	3.1607	0
5.065e-007	3.15962	0
5.07e-007	3.15852	0
5.075e-007	3.15746	0
5.08e-007	3.15639	0
5.085e-007	3.15534	0
5.09e-007	3.15429	0
5.095e-007	3.15326	0
5.1e-007	3.15224	0
5.105e-007	3.15119	0
5.11e-007	3.15017	0
5.115e-007	3.14912	0
5.12e-007	3.14807	0
5.125e-007	3.14705	0
5.13e-007	3.14601	0
5.135e-007	3.145	0
5.14e-007	3.14397	0
5.145e-007	3.14298	0
5.15e-007	3.14197	0
5.155e-007	3.14099	0
5.16e-007	3.13999	0
5.165e-007	3.139	0
5.17e-007	3.13801	0
5.175e-007	3.13702	0
5.18e-007	3.13604	0
5.185e-007	3.13509	0
5.19e-007	3.13412	0
5.195e-007	3.13314	0
5.2e-007	3.1322	0
5.205e-007	3.13123	0
5.21e-007	3.1303	0
5.215e-007	3.12934	0
5.22e-007	3.12839	0
5.225e-007	3.12743	0
5.23e-007	3.12649	0
5.235e-007	3.12557	0
5.24e-007	3.12464	0
5.245e-007	3.12369	0
5.25e-007	3.12277	0
5.255e-007	3.12185	0
5.26e-007	3.12093	0
5.265e-007	3.12002	0
5.27e-007	3.11911	0
5.275e-007	3.11822	0
5.28e-007	3.1173	0
5.285e-007	3.1164	0
5.29e-007	3.11553	0
5.295e-007	3.11463	0
5.3e-007	3.11374	0
5.305e-007	3.11287	0
5.31e-007	3.11198	0
5.315e-007	3.11111	0
5.32e-007	3.11024	0
5.325e-007	3.10939	0
5.33e-007	3.1085	0
5.335e-007	3.10764	0
5.34e-007	3.10677	0
5.345e-007	3.10592	0
5.35e-007	3.10507	0
5.355e-007	3.1042	0
5.36e-007	3.10337	0
5.365e-007	3.10251	0
5.37e-007	3.10169	0
5.375e-007	3.10086	0
5.38e-007	3.10001	0
5.385e-007	3.09917	0
5.39e-007	3.09836	0
5.395e-007	3.09753	0
5.4e-007	3.09672	0
5.405e-007	3.0959	0
5.41e-007	3.09511	0
5.415e-007	3.09428	0
5.42e-007	3.09349	0
5.425e-007	3.09266	0
5.43e-007	3.09187	0
5.435e-007	3.09107	0
5.44e-007	3.09026	0
5.445e-007	3.08944	0
5.45e-007	3.08863	0
5.455e-007	3.08786	0
5.46e-007	3.08709	0
5.465e-007	3.08631	0
5.47e-007	3.08556	0
5.475e-007	3.08477	0
5.48e-007	3.08402	0
5.485e-007	3.08326	0
5.49e-007	3.08249	0
5.495e-007	3.08173	0
5.5e-007	3.08095	0
5.505e-007	3.08018	0
5.51e-007	3.07943	0
5.515e-007	3.07867	0
5.52e-007	3.07794	0
5.525e-007	3.0772	0
5.53e-007	3.07645	0
5.535e-007	3.07571	0
5.54e-007	3.07496	0
5.545e-007	3.07422	0
5.55e-007	3.0735	0
5.555e-007	3.07277	0
5.56e-007	3.07203	0
5.565e-007	3.07127	0
5.57e-007	3.07052	0
5.575e-007	3.06982	0
5.58e-007	3.0691	0
5.585e-007	3.0684	0
5.59e-007	3.0677	0
5.595e-007	3.06701	0
5.6e-007	3.0663	0
5.605e-007	3.06559	0
5.61e-007	3.06491	0
5.615e-007	3.06422	0
5.62e-007	3.0635	0
5.625e-007	3.06282	0
5.63e-007	3.06212	0
5.635e-007	3.0614	0
5.64e-007	3.06072	0
5.645e-007	3.06006	0
5.65e-007	3.05939	0
5.655e-007	3.05869	0
5.66e-007	3.05801	0
5.665e-007	3.05734	0
5.67e-007	3.05668	0
5.675e-007	3.056	0
5.68e-007	3.05532	0
5.685e-007	3.05463	0
5.69e-007	3.05397	0
5.695e-007	3.05326	0
5.7e-007	3.05258	0
5.705e-007	3.05196	0
5.71e-007	3.05131	0
5.715e-007	3.05069	0
5.72e-007	3.05006	0
5.725e-007	3.04941	0
5.73e-007	3.04878	0
5.735e-007	3.04815	0
5.74e-007	3.0475	0
5.745e-007	3.04686	0
5.75e-007	3.04624	0
5.755e-007	3.0456	0
5.76e-007	3.04494	0
5.765e-007	3.0443	0
5.77e-007	3.04369	0
5.775e-007	3.04305	0
5.78e-007	3.04245	0
5.785e-007	3.04183	0
5.79e-007	3.0412	0
5.795e-007	3.0406	0
5.8e-007	3.03998	0
5.805e-007	3.03935	0
5.81e-007	3.03873	0
5.815e-007	3.03811	0
5.82e-007	3.0375	0
5.825e-007	3.03689	0
5.83e-007	3.03626	0
5.835e-007	3.03564	0
5.84e-007	3.03506	0
5.845e-007	3.03447	0
5.85e-007	3.03389	0
5.855e-007	3.03331	0
5.86e-007	3.03275	0
5.865e-007	3.03215	0
5.87e-007	3.03157	0
5.875e-007	3.03101	0
5.88e-007	3.03043	0
5.885e-007	3.02985	0
5.89e-007	3.02925	0
5.895e-007	3.02866	0
5.9e-007	3.02808	0
5.905e-007	3.02751	0
5.91e-007	3.02693	0
5.915e-007	3.02636	0
5.92e-007	3.02579	0
5.925e-007	3.02522	0
5.93e-007	3.02466	0
5.935e-007	3.02411	0
5.94e-007	3.02353	0
5.945e-007	3.02296	0
5.95e-007	3.02241	0
5.955e-007	3.02186	0
5.96e-007	3.02129	0
5.965e-007	3.02073	0
5.97e-007	3.02018	0
5.975e-007	3.01962	0
5.98e-007	3.01909	0
5.985e-007	3.01857	0
5.99e-007	3.01804	0
5.995e-007	3.01751	0
6e-007	3.01699	0
6.005e-007	3.01644	0
6.01e-007	3.01591	0
6.015e-007	3.01538	0
6.02e-007	3.01484	0
6.025e-007	3.01432	0
6.03e-007	3.01378	0
6.035e-007	3.01326	0
6.04e-007	3.01271	0
6.045e-007	3.01219	0
6.05e-007	3.01165	0
6.055e-007	3.01115	0
6.06e-007	3.01063	0
6.065e-007	3.01013	0
6.07e-007	3.0096	0
6.075e-007	3.0091	0
6.08e-007	3.00859	0
6.085e-007	3.00807	0
6.09e-007	3.00756	0
6.095e-007	3.00705	0
6.1e-007	3.00654	0
6.105e-007	3.00602	0
6.11e-007	3.0055	0
6.115e-007	3.00499	0
6.12e-007	3.00446	0
6.125e-007	3.00397	0
6.13e-007	3.00348	0
6.135e-007	3.00301	0
6.14e-007	3.00253	0
6.145e-007	3.00205	0
6.15e-007	3.00157	0
6.155e-007	3.00108	0
6.16e-007	3.0006	0
6.165e-007	3.00012	0
6.17e-007	2.99963	0
6.175e-007	2.99915	0
6.18e-007	2.99867	0
6.185e-007	2.99819	0
6.19e-007	2.9977	0
6.195e-007	2.99722	0
6.2e-007	2.99673	0
6.205e-007	2.99622	0
6.21e-007	2.99572	0
6.215e-007	2.99525	0
6.22e-007	2.99478	0
6.225e-007	2.99433	0
6.23e-007	2.99389	0
6.235e-007	2.99346	0
6.24e-007	2.99304	0
6.245e-007	2.99262	0
6.25e-007	2.9922	0
6.255e-007	2.99179	0
6.26e-007	2.99137	0
6.265e-007	2.99096	0
6.27e-007	2.99053	0
6.275e-007	2.99011	0
6.28e-007	2.98957	0
6.285e-007	2.98894	0
6.29e-007	2.98834	0
6.295e-007	2.98777	0
6.3e-007	2.98725	0
6.305e-007	2.98673	0
6.31e-007	2.98626	0
6.315e-007	2.98581	0
6.32e-007	2.98539	0
6.325e-007	2.98499	0
6.33e-007	2.98463	0
6.335e-007	2.98428	0
6.34e-007	2.98395	0
6.345e-007	2.98364	0
6.35e-007	2.98335	0
6.355e-007	2.98308	0
6.36e-007	2.97962	0
6.365e-007	2.97968	0
6.37e-007	2.97975	0
6.375e-007	2.97984	0
6.38e-007	2.97994	0
6.385e-007	2.98005	0
6.39e-007	2.98018	0
6.395e-007	2.98032	0
6.4e-007	2.98048	0
6.405e-007	2.98065	0
6.41e-007	2.98083	0
6.415e-007	2.98103	0
6.42e-007	2.98123	0
6.425e-007	2.98146	0
6.43e-007	2.98168	0
6.435e-007	2.98192	0
6.44e-007	2.98217	0
6.445e-007	2.9691	0
6.45e-007	2.96919	0
6.455e-007	2.96929	0
6.46e-007	2.96941	0
6.465e-007	2.96954	0
6.47e-007	2.96969	0
6.475e-007	2.96986	0
6.48e-007	2.97004	0
6.485e-007	2.97024	0
6.49e-007	2.97045	0
6.495e-007	2.97068	0
6.5e-007	2.97093	0
6.505e-007	2.97119	0
6.51e-007	2.97146	0
6.515e-007	2.97175	0
6.52e-007	2.97206	0
6.525e-007	2.97237	0
6.53e-007	2.96593	0
6.535e-007	2.966	0
6.54e-007	2.96608	0
6.545e-007	2.96618	0
6.55e-007	2.96629	0
6.555e-007	2.96641	0
6.56e-007	2.96654	0
6.565e-007	2.96669	0
6.57e-007	2.96685	0
6.575e-007	2.96702	0
6.58e-007	2.9672	0
6.585e-007	2.96739	0
6.59e-007	2.9676	0
6.595e-007	2.96781	0
6.6e-007	2.96804	0
6.605e-007	2.96827	0
6.61e-007	2.96851	0
6.615e-007	2.95571	0
6.62e-007	2.9558	0
6.625e-007	2.95589	0
6.63e-007	2.95601	0
6.635e-007	2.95613	0
6.64e-007	2.95628	0
6.645e-007	2.95643	0
6.65e-007	2.9566	0
6.655e-007	2.95679	0
6.66e-007	2.95698	0
6.665e-007	2.9572	0
6.67e-007	2.95742	0
6.675e-007	2.95766	0
6.68e-007	2.95791	0
6.685e-007	2.95818	0
6.69e-007	2.95846	0
6.695e-007	2.95875	0
6.7e-007	2.95906	0
6.705e-007	2.95278	0
6.71e-007	2.95285	0
6.715e-007	2.95294	0
6.72e-007	2.95303	0
6.725e-007	2.95314	0
6.73e-007	2.95326	0
6.735e-007	2.95339	0
6.74e-007	2.95352	0
6.745e-007	2.95367	0
6.75e-007	2.95383	0
6.755e-007	2.954	0
6.76e-007	2.95418	0
6.765e-007	2.95437	0
6.77e-007	2.95458	0
6.775e-007	2.95479	0
6.78e-007	2.95501	0
6.785e-007	2.95523	0
6.79e-007	2.95546	0
6.795e-007	2.9429	0
6.8e-007	2.94299	0
6.805e-007	2.94309	0
6.81e-007	2.9432	0
6.815e-007	2.94332	0
6.82e-007	2.94345	0
6.825e-007	2.9436	0
6.83e-007	2.94376	0
6.835e-007	2.94393	0
6.84e-007	2.94412	0
6.845e-007	2.94432	0
6.85e-007	2.94453	0
6.855e-007	2.94475	0
6.86e-007	2.94498	0
6.865e-007	2.94523	0
6.87e-007	2.94549	0
6.875e-007	2.94576	0
6.88e-007	2.94604	0
6.885e-007	2.94633	0
6.89e-007	2.9402	0
6.895e-007	2.94027	0
6.9e-007	2.94036	0
6.905e-007	2.94046	0
6.91e-007	2.94056	0
6.915e-007	2.94067	0
6.92e-007	2.9408	0
6.925e-007	2.94093	0
6.93e-007	2.94107	0
6.935e-007	2.94122	0
6.94e-007	2.94138	0
6.945e-007	2.94155	0
6.95e-007	2.94173	0
6.955e-007	2.94192	0
6.96e-007	2.94212	0
6.965e-007	2.94232	0
6.97e-007	2.94254	0
6.975e-007	2.94275	0
6.98e-007	2.94298	0
6.985e-007	2.93064	0
6.99e-007	2.93073	0
6.995e-007	2.93082	0
7e-007	2.93093	0
7.005e-007	2.93105	0
7.01e-007	2.93118	0
7.015e-007	2.93132	0
7.02e-007	2.93147	0
7.025e-007	2.93163	0
7.03e-007	2.9318	0
7.035e-007	2.93199	0
7.04e-007	2.93218	0
7.045e-007	2.93239	0
7.05e-007	2.93261	0
7.055e-007	2.93283	0
7.06e-007	2.93307	0
7.065e-007	2.93332	0
7.07e-007	2.93358	0
7.075e-007	2.93385	0
7.08e-007	2.93412	0
7.085e-007	2.92815	0
7.09e-007	2.92823	0
7.095e-007	2.92831	0
7.1e-007	2.92841	0
7.105e-007	2.92851	0
7.11e-007	2.92862	0
7.115e-007	2.92873	0
7.12e-007	2.92886	0
7.125e-007	2.92899	0
7.13e-007	2.92914	0
7.135e-007	2.92929	0
7.14e-007	2.92945	0
7.145e-007	2.92961	0
7.15e-007	2.92979	0
7.155e-007	2.92997	0
7.16e-007	2.93016	0
7.165e-007	2.93036	0
7.17e-007	2.93057	0
7.175e-007	2.93078	0
7.18e-007	2.93099	0
7.185e-007	2.93121	0
7.19e-007	2.91898	0
7.195e-007	2.91907	0
7.2e-007	2.91917	0
7.205e-007	2.91928	0
7.21e-007	2.9194	0
7.215e-007	2.91953	0
7.22e-007	2.91968	0
7.225e-007	2.91983	0
7.23e-007	2.91999	0
7.235e-007	2.92016	0
7.24e-007	2.92033	0
7.245e-007	2.92052	0
7.25e-007	2.92072	0
7.255e-007	2.92093	0
7.26e-007	2.92115	0
7.265e-007	2.92137	0
7.27e-007	2.92161	0
7.275e-007	2.92186	0
7.28e-007	2.92211	0
7.285e-007	2.92237	0
7.29e-007	2.92264	0
7.295e-007	2.91668	0
7.3e-007	2.91676	0
7.305e-007	2.91685	0
7.31e-007	2.91694	0
7.315e-007	2.91705	0
7.32e-007	2.91716	0
7.325e-007	2.91727	0
7.33e-007	2.9174	0
7.335e-007	2.91753	0
7.34e-007	2.91767	0
7.345e-007	2.91782	0
7.35e-007	2.91797	0
7.355e-007	2.91813	0
7.36e-007	2.9183	0
7.365e-007	2.91847	0
7.37e-007	2.91865	0
7.375e-007	2.91884	0
7.38e-007	2.91904	0
7.385e-007	2.91924	0
7.39e-007	2.91944	0
7.395e-007	2.91965	0
7.4e-007	2.91987	0
7.405e-007	2.90779	0
7.41e-007	2.90788	0
7.415e-007	2.90798	0
7.42e-007	2.90809	0
7.425e-007	2.90821	0
7.43e-007	2.90834	0
7.435e-007	2.90848	0
7.44e-007	2.90862	0
7.445e-007	2.90877	0
7.45e-007	2.90894	0
7.455e-007	2.90911	0
7.46e-007	2.90928	0
7.465e-007	2.90947	0
7.47e-007	2.90967	0
7.475e-007	2.90987	0
7.48e-007	2.91008	0
7.485e-007	2.9103	0
7.49e-007	2.91053	0
7.495e-007	2.91077	0
7.5e-007	2.91101	0
7.505e-007	2.91126	0
7.51e-007	2.91151	0
7.515e-007	2.90566	0
7.52e-007	2.90575	0
7.525e-007	2.90583	0
7.53e-007	2.90593	0
7.535e-007	2.90603	0
7.54e-007	2.90613	0
7.545e-007	2.90625	0
7.55e-007	2.90637	0
7.555e-007	2.90649	0
7.56e-007	2.90663	0
7.565e-007	2.90676	0
7.57e-007	2.90691	0
7.575e-007	2.90706	0
7.58e-007	2.90722	0
7.585e-007	2.90738	0
7.59e-007	2.90755	0
7.595e-007	2.90772	0
7.6e-007	2.90791	0
7.605e-007	2.90809	0
7.61e-007	2.90829	0
7.615e-007	2.90848	0
7.62e-007	2.90868	0
7.625e-007	2.90889	0
7.63e-007	2.89703	0
7.635e-007	2.89712	0
7.64e-007	2.89721	0
7.645e-007	2.89732	0
7.65e-007	2.89743	0
7.655e-007	2.89755	0
7.66e-007	2.89768	0
7.665e-007	2.89781	0
7.67e-007	2.89795	0
7.675e-007	2.8981	0
7.68e-007	2.89826	0
7.685e-007	2.89842	0
7.69e-007	2.89859	0
7.695e-007	2.89877	0
7.7e-007	2.89896	0
7.705e-007	2.89915	0
7.71e-007	2.89935	0
7.715e-007	2.89956	0
7.72e-007	2.89977	0
7.725e-007	2.89999	0
7.73e-007	2.90022	0
7.735e-007	2.90046	0
7.74e-007	2.9007	0
7.745e-007	2.90094	0
7.75e-007	2.89515	0
7.755e-007	2.89523	0
7.76e-007	2.89532	0
7.765e-007	2.89542	0
7.77e-007	2.89552	0
7.775e-007	2.89562	0
7.78e-007	2.89573	0
7.785e-007	2.89585	0
7.79e-007	2.89597	0
7.795e-007	2.89609	0
7.8e-007	2.89623	0
7.805e-007	2.89636	0
7.81e-007	2.89651	0
7.815e-007	2.89665	0
7.82e-007	2.89681	0
7.825e-007	2.89697	0
7.83e-007	2.89713	0
7.835e-007	2.8973	0
7.84e-007	2.89748	0
7.845e-007	2.89766	0
7.85e-007	2.89784	0
7.855e-007	2.89803	0
7.86e-007	2.89822	0
7.865e-007	2.89842	0
7.87e-007	2.89862	0
7.875e-007	2.88684	0
7.88e-007	2.88693	0
7.885e-007	2.88703	0
7.89e-007	2.88714	0
7.895e-007	2.88725	0
7.9e-007	2.88737	0
7.905e-007	2.88749	0
7.91e-007	2.88763	0
7.915e-007	2.88776	0
7.92e-007	2.88791	0
7.925e-007	2.88806	0
7.93e-007	2.88822	0
7.935e-007	2.88838	0
7.94e-007	2.88855	0
7.945e-007	2.88873	0
7.95e-007	2.88891	0
7.955e-007	2.8891	0
7.96e-007	2.8893	0
7.965e-007	2.8895	0
7.97e-007	2.88971	0
7.975e-007	2.88992	0
7.98e-007	2.89014	0
7.985e-007	2.89037	0
7.99e-007	2.89059	0
7.995e-007	2.89083	0
8e-007	2.8851	0
8.005e-007	2.88518	0
8.01e-007	2.88527	0
8.015e-007	2.88536	0
8.02e-007	2.88546	0
8.025e-007	2.88556	0
8.03e-007	2.88567	0
8.035e-007	2.88578	0
8.04e-007	2.8859	0
8.045e-007	2.88602	0
8.05e-007	2.88614	0
8.055e-007	2.88628	0
8.06e-007	2.88641	0
8.065e-007	2.88655	0
8.07e-007	2.8867	0
8.075e-007	2.88684	0
8.08e-007	2.887	0
8.085e-007	2.88716	0
8.09e-007	2.88732	0
8.095e-007	2.88749	0
8.1e-007	2.88766	0
8.105e-007	2.88784	0
8.11e-007	2.88802	0
8.115e-007	2.8882	0
8.12e-007	2.88839	0
8.125e-007	2.88857	0
8.13e-007	2.877	0
8.135e-007	2.87708	0
8.14e-007	2.87718	0
8.145e-007	2.87728	0
8.15e-007	2.87738	0
8.155e-007	2.8775	0
8.16e-007	2.87761	0
8.165e-007	2.87774	0
8.17e-007	2.87786	0
8.175e-007	2.878	0
8.18e-007	2.87814	0
8.185e-007	2.87828	0
8.19e-007	2.87843	0
8.195e-007	2.87859	0
8.2e-007	2.87875	0
8.205e-007	2.87891	0
8.21e-007	2.87909	0
8.215e-007	2.87926	0
8.22e-007	2.87945	0
8.225e-007	2.87964	0
8.23e-007	2.87983	0
8.235e-007	2.88003	0
8.24e-007	2.88023	0
8.245e-007	2.88044	0
8.25e-007	2.88066	0
8.255e-007	2.88087	0
8.26e-007	2.8811	0
8.265e-007	2.87547	0
8.27e-007	2.87555	0
8.275e-007	2.87564	0
8.28e-007	2.87573	0
8.285e-007	2.87582	0
8.29e-007	2.87592	0
8.295e-007	2.87602	0
8.3e-007	2.87613	0
8.305e-007	2.87624	0
8.31e-007	2.87635	0
8.315e-007	2.87647	0
8.32e-007	2.87659	0
8.325e-007	2.87672	0
8.33e-007	2.87685	0
8.335e-007	2.87698	0
8.34e-007	2.87712	0
8.345e-007	2.87726	0
8.35e-007	2.87741	0
8.355e-007	2.87756	0
8.36e-007	2.87772	0
8.365e-007	2.87788	0
8.37e-007	2.87804	0
8.375e-007	2.87821	0
8.38e-007	2.87838	0
8.385e-007	2.87855	0
8.39e-007	2.87872	0
8.395e-007	2.8789	0
8.4e-007	2.87908	0
8.405e-007	2.86764	0
8.41e-007	2.86773	0
8.415e-007	2.86782	0
8.42e-007	2.86791	0
8.425e-007	2.86802	0
8.43e-007	2.86812	0
8.435e-007	2.86823	0
8.44e-007	2.86835	0
8.445e-007	2.86847	0
8.45e-007	2.8686	0
8.455e-007	2.86873	0
8.46e-007	2.86886	0
8.465e-007	2.869	0
8.47e-007	2.86915	0
8.475e-007	2.8693	0
8.48e-007	2.86945	0
8.485e-007	2.86961	0
8.49e-007	2.86977	0
8.495e-007	2.86994	0
8.5e-007	2.87012	0
8.505e-007	2.87029	0
8.51e-007	2.87048	0
8.515e-007	2.87066	0
8.52e-007	2.87086	0
8.525e-007	2.87105	0
8.53e-007	2.87125	0
8.535e-007	2.87146	0
8.54e-007	2.87166	0
8.545e-007	2.87187	0
8.55e-007	2.8663	0
8.555e-007	2.86638	0
8.56e-007	2.86647	0
8.565e-007	2.86656	0
8.57e-007	2.86665	0
8.575e-007	2.86674	0
8.58e-007	2.86684	0
8.585e-007	2.86694	0
8.59e-007	2.86705	0
8.595e-007	2.86715	0
8.6e-007	2.86727	0
8.605e-007	2.86738	0
8.61e-007	2.8675	0
8.615e-007	2.86762	0
8.62e-007	2.86775	0
8.625e-007	2.86788	0
8.63e-007	2.86801	0
8.635e-007	2.86815	0
8.64e-007	2.86829	0
8.645e-007	2.86843	0
8.65e-007	2.86858	0
8.655e-007	2.86873	0
8.66e-007	2.86889	0
8.665e-007	2.86904	0
8.67e-007	2.8692	0
8.675e-007	2.86937	0
8.68e-007	2.86954	0
8.685e-007	2.8697	0
8.69e-007	2.86987	0
8.695e-007	2.87004	0
8.7e-007	2.85872	0
8.705e-007	2.8588	0
8.71e-007	2.85889	0
8.715e-007	2.85899	0
8.72e-007	2.85908	0
8.725e-007	2.85919	0
8.73e-007	2.85929	0
8.735e-007	2.8594	0
8.74e-007	2.85952	0
8.745e-007	2.85964	0
8.75e-007	2.85976	0
8.755e-007	2.85989	0
8.76e-007	2.86002	0
8.765e-007	2.86015	0
8.77e-007	2.86029	0
8.775e-007	2.86044	0
8.78e-007	2.86058	0
8.785e-007	2.86073	0
8.79e-007	2.86089	0
8.795e-007	2.86105	0
8.8e-007	2.86121	0
8.805e-007	2.86138	0
8.81e-007	2.86155	0
8.815e-007	2.86173	0
8.82e-007	2.86191	0
8.825e-007	2.86209	0
8.83e-007	2.86228	0
8.835e-007	2.86247	0
8.84e-007	2.86266	0
8.845e-007	2.86286	0
8.85e-007	2.86306	0
8.855e-007	2.86327	0
8.86e-007	2.85763	0
8.865e-007	2.85771	0
8.87e-007	2.85779	0
8.875e-007	2.85788	0
8.88e-007	2.85797	0
8.885e-007	2.85807	0
8.89e-007	2.85816	0
8.895e-007	2.85826	0
8.9e-007	2.85837	0
8.905e-007	2.85847	0
8.91e-007	2.85858	0
8.915e-007	2.85869	0
8.92e-007	2.85881	0
8.925e-007	2.85893	0
8.93e-007	2.85905	0
8.935e-007	2.85917	0
8.94e-007	2.8593	0
8.945e-007	2.85943	0
8.95e-007	2.85956	0
8.955e-007	2.8597	0
8.96e-007	2.85984	0
8.965e-007	2.85998	0
8.97e-007	2.86012	0
8.975e-007	2.86027	0
8.98e-007	2.86042	0
8.985e-007	2.86058	0
8.99e-007	2.86073	0
8.995e-007	2.86089	0
9e-007	2.86105	0
9.005e-007	2.86121	0
9.01e-007	2.86137	0
9.015e-007	2.86154	0
9.02e-007	2.85026	0
9.025e-007	2.85035	0
9.03e-007	2.85044	0
9.035e-007	2.85053	0
9.04e-007	2.85063	0
9.045e-007	2.85073	0
9.05e-007	2.85083	0
9.055e-007	2.85094	0
9.06e-007	2.85105	0
9.065e-007	2.85117	0
9.07e-007	2.85128	0
9.075e-007	2.85141	0
9.08e-007	2.85153	0
9.085e-007	2.85166	0
9.09e-007	2.85179	0
9.095e-007	2.85193	0
9.1e-007	2.85207	0
9.105e-007	2.85221	0
9.11e-007	2.85236	0
9.115e-007	2.8525	0
9.12e-007	2.85266	0
9.125e-007	2.85281	0
9.13e-007	2.85297	0
9.135e-007	2.85314	0
9.14e-007	2.8533	0
9.145e-007	2.85347	0
9.15e-007	2.85365	0
9.155e-007	2.85382	0
9.16e-007	2.854	0
9.165e-007	2.85419	0
9.17e-007	2.85437	0
9.175e-007	2.85456	0
9.18e-007	2.85475	0
9.185e-007	2.84923	0
9.19e-007	2.84931	0
9.195e-007	2.84939	0
9.2e-007	2.84948	0
9.205e-007	2.84956	0
9.21e-007	2.84965	0
9.215e-007	2.84974	0
9.22e-007	2.84983	0
9.225e-007	2.84993	0
9.23e-007	2.85003	0
9.235e-007	2.85013	0
9.24e-007	2.85023	0
9.245e-007	2.85034	0
9.25e-007	2.85045	0
9.255e-007	2.85056	0
9.26e-007	2.85068	0
9.265e-007	2.85079	0
9.27e-007	2.85091	0
9.275e-007	2.85103	0
9.28e-007	2.85116	0
9.285e-007	2.85129	0
9.29e-007	2.85141	0
9.295e-007	2.85155	0
9.3e-007	2.85168	0
9.305e-007	2.85182	0
9.31e-007	2.85196	0
9.315e-007	2.8521	0
9.32e-007	2.85225	0
9.325e-007	2.85239	0
9.33e-007	2.85254	0
9.335e-007	2.85269	0
9.34e-007	2.85284	0
9.345e-007	2.853	0
9.35e-007	2.85315	0
9.355e-007	2.85331	0
9.36e-007	2.84214	0
9.365e-007	2.84223	0
9.37e-007	2.84231	0
9.375e-007	2.8424	0
9.38e-007	2.84249	0
9.385e-007	2.84259	0
9.39e-007	2.84269	0
9.395e-007	2.84279	0
9.4e-007	2.84289	0
9.405e-007	2.843	0
9.41e-007	2.84311	0
9.415e-007	2.84322	0
9.42e-007	2.84334	0
9.425e-007	2.84346	0
9.43e-007	2.84358	0
9.435e-007	2.84371	0
9.44e-007	2.84383	0
9.445e-007	2.84397	0
9.45e-007	2.8441	0
9.455e-007	2.84424	0
9.46e-007	2.84438	0
9.465e-007	2.84452	0
9.47e-007	2.84467	0
9.475e-007	2.84481	0
9.48e-007	2.84497	0
9.485e-007	2.84512	0
9.49e-007	2.84528	0
9.495e-007	2.84544	0
9.5e-007	2.8456	0
9.505e-007	2.84577	0
9.51e-007	2.84594	0
9.515e-007	2.84611	0
9.52e-007	2.84628	0
9.525e-007	2.84646	0
9.53e-007	2.84664	0
9.535e-007	2.84682	0
9.54e-007	2.84131	0
9.545e-007	2.84138	0
9.55e-007	2.84146	0
9.555e-007	2.84154	0
9.56e-007	2.84163	0
9.565e-007	2.84171	0
9.57e-007	2.8418	0
9.575e-007	2.84189	0
9.58e-007	2.84198	0
9.585e-007	2.84208	0
9.59e-007	2.84217	0
9.595e-007	2.84227	0
9.6e-007	2.84237	0
9.605e-007	2.84247	0
9.61e-007	2.84258	0
9.615e-007	2.84269	0
9.62e-007	2.8428	0
9.625e-007	2.84291	0
9.63e-007	2.84302	0
9.635e-007	2.84314	0
9.64e-007	2.84325	0
9.645e-007	2.84337	0
9.65e-007	2.8435	0
9.655e-007	2.84362	0
9.66e-007	2.84375	0
9.665e-007	2.84388	0
9.67e-007	2.84401	0
9.675e-007	2.84414	0
9.68e-007	2.84428	0
9.685e-007	2.84441	0
9.69e-007	2.84455	0
9.695e-007	2.84469	0
9.7e-007	2.84484	0
9.705e-007	2.84498	0
9.71e-007	2.84512	0
9.715e-007	2.84527	0
9.72e-007	2.84542	0
9.725e-007	2.83438	0
9.73e-007	2.83446	0
9.735e-007	2.83454	0
9.74e-007	2.83463	0
9.745e-007	2.83471	0
9.75e-007	2.8348	0
9.755e-007	2.83489	0
9.76e-007	2.83499	0
9.765e-007	2.83508	0
9.77e-007	2.83518	0
9.775e-007	2.83529	0
9.78e-007	2.83539	0
9.785e-007	2.8355	0
9.79e-007	2.83561	0
9.795e-007	2.83572	0
9.8e-007	2.83583	0
9.805e-007	2.83595	0
9.81e-007	2.83607	0
9.815e-007	2.83619	0
9.82e-007	2.83632	0
9.825e-007	2.83645	0
9.83e-007	2.83658	0
9.835e-007	2.83671	0
9.84e-007	2.83684	0
9.845e-007	2.83698	0
9.85e-007	2.83712	0
9.855e-007	2.83726	0
9.86e-007	2.83741	0
9.865e-007	2.83755	0
9.87e-007	2.8377	0
9.875e-007	2.83785	0
9.88e-007	2.83801	0
9.885e-007	2.83817	0
9.89e-007	2.83833	0
9.895e-007	2.83849	0
9.9e-007	2.83865	0
9.905e-007	2.83881	0
9.91e-007	2.83898	0
9.915e-007	2.83915	0
9.92e-007	2.83372	0
9.925e-007	2.83379	0
9.93e-007	2.83386	0
9.935e-007	2.83394	0
9.94e-007	2.83402	0
9.945e-007	2.8341	0
9.95e-007	2.83418	0
9.955e-007	2.83427	0
9.96e-007	2.83435	0
9.965e-007	2.83444	0
9.97e-007	2.83453	0
9.975e-007	2.83462	0
9.98e-007	2.83471	0
9.985e-007	2.83481	0
9.99e-007	2.83491	0
9.995e-007	2.83501	0
1e-006	2.83511	0
1.0005e-006	2.83521	0
1.001e-006	2.83531	0
1.0015e-006	2.83542	0
1.002e-006	2.83553	0
1.0025e-006	2.83564	0
1.003e-006	2.83575	0
1.0035e-006	2.83587	0
1.004e-006	2.83598	0
1.0045e-006	2.8361	0
1.005e-006	2.83622	0
1.0055e-006	2.83634	0
1.006e-006	2.83646	0
1.0065e-006	2.83659	0
1.007e-006	2.83671	0
1.0075e-006	2.83684	0
1.008e-006	2.83697	0
1.0085e-006	2.8371	0
1.009e-006	2.83724	0
1.0095e-006	2.83737	0
1.01e-006	2.8375	0
1.0105e-006	2.83764	0
1.011e-006	2.83777	0
1.0115e-006	2.83791	0
1.012e-006	2.827	0
1.0125e-006	2.82707	0
1.013e-006	2.82715	0
1.0135e-006	2.82723	0
1.014e-006	2.82731	0
1.0145e-006	2.82739	0
1.015e-006	2.82748	0
1.0155e-006	2.82757	0
1.016e-006	2.82766	0
1.0165e-006	2.82775	0
1.017e-006	2.82784	0
1.0175e-006	2.82794	0
1.018e-006	2.82804	0
1.0185e-006	2.82814	0
1.019e-006	2.82824	0
1.0195e-006	2.82835	0
1.02e-006	2.82845	0
1.0205e-006	2.82856	0
1.021e-006	2.82867	0
1.0215e-006	2.82879	0
1.022e-006	2.8289	0
1.0225e-006	2.82902	0
1.023e-006	2.82914	0
1.0235e-006	2.82926	0
1.024e-006	2.82939	0
1.0245e-006	2.82951	0
1.025e-006	2.82964	0
1.0255e-006	2.82977	0
1.026e-006	2.8299	0
1.0265e-006	2.83004	0
1.027e-006	2.83018	0
1.0275e-006	2.83031	0
1.028e-006	2.83045	0
1.0285e-006	2.8306	0
1.029e-006	2.83074	0
1.0295e-006	2.83089	0
1.03e-006	2.83104	0
1.0305e-006	2.83119	0
1.031e-006	2.83134	0
1.0315e-006	2.83149	0
1.032e-006	2.83165	0
1.0325e-006	2.8318	0
1.033e-006	2.83196	0
1.0335e-006	2.82654	0
1.034e-006	2.82661	0
1.0345e-006	2.82668	0
1.035e-006	2.82675	0
1.0355e-006	2.82683	0
1.036e-006	2.82691	0
1.0365e-006	2.82699	0
1.037e-006	2.82707	0
1.0375e-006	2.82715	0
1.038e-006	2.82723	0
1.0385e-006	2.82732	0
1.039e-006	2.8274	0
1.0395e-006	2.82749	0
1.04e-006	2.82758	0
1.0405e-006	2.82767	0
1.041e-006	2.82776	0
1.0415e-006	2.82786	0
1.042e-006	2.82795	0
1.0425e-006	2.82805	0
1.043e-006	2.82815	0
1.0435e-006	2.82825	0
1.044e-006	2.82835	0
1.0445e-006	2.82845	0
1.045e-006	2.82856	0
1.0455e-006	2.82866	0
1.046e-006	2.82877	0
1.0465e-006	2.82888	0
1.047e-006	2.82899	0
1.0475e-006	2.8291	0
1.048e-006	2.82922	0
1.0485e-006	2.82933	0
1.049e-006	2.82945	0
1.0495e-006	2.82957	0
1.05e-006	2.82969	0
1.0505e-006	2.82981	0
1.051e-006	2.82993	0
1.0515e-006	2.83006	0
1.052e-006	2.83018	0
1.0525e-006	2.83031	0
1.053e-006	2.83044	0
1.0535e-006	2.83056	0
1.054e-006	2.83069	0
1.0545e-006	2.83082	0
1.055e-006	2.83095	0
1.0555e-006	2.82007	0
1.056e-006	2.82014	0
1.0565e-006	2.82021	0
1.057e-006	2.82029	0
1.0575e-006	2.82037	0
1.058e-006	2.82045	0
1.0585e-006	2.82053	0
1.059e-006	2.82062	0
1.0595e-006	2.8207	0
1.06e-006	2.82079	0
1.0605e-006	2.82088	0
1.061e-006	2.82097	0
1.0615e-006	2.82106	0
1.062e-006	2.82116	0
1.0625e-006	2.82125	0
1.063e-006	2.82135	0
1.0635e-006	2.82145	0
1.064e-006	2.82156	0
1.0645e-006	2.82166	0
1.065e-006	2.82176	0
1.0655e-006	2.82187	0
1.066e-006	2.82198	0
1.0665e-006	2.82209	0
1.067e-006	2.8222	0
1.0675e-006	2.82232	0
1.068e-006	2.82243	0
1.0685e-006	2.82255	0
1.069e-006	2.82267	0
1.0695e-006	2.82279	0
1.07e-006	2.82292	0
1.0705e-006	2.82304	0
1.071e-006	2.82317	0
1.0715e-006	2.82329	0
1.072e-006	2.82342	0
1.0725e-006	2.82356	0
1.073e-006	2.82369	0
1.0735e-006	2.82382	0
1.074e-006	2.82396	0
1.0745e-006	2.8241	0
1.075e-006	2.82424	0
1.0755e-006	2.82438	0
1.076e-006	2.82452	0
1.0765e-006	2.82467	0
1.077e-006	2.82481	0
1.0775e-006	2.82496	0
1.078e-006	2.81964	0
1.0785e-006	2.81971	0
1.079e-006	2.81978	0
1.0795e-006	2.81984	0
1.08e-006	2.81991	0
1.0805e-006	2.81999	0
1.081e-006	2.82006	0
1.0815e-006	2.82013	0
1.082e-006	2.82021	0
1.0825e-006	2.82028	0
1.083e-006	2.82036	0
1.0835e-006	2.82044	0
1.084e-006	2.82052	0
1.0845e-006	2.8206	0
1.085e-006	2.82069	0
1.0855e-006	2.82077	0
1.086e-006	2.82086	0
1.0865e-006	2.82094	0
1.087e-006	2.82103	0
1.0875e-006	2.82112	0
1.088e-006	2.82121	0
1.0885e-006	2.82131	0
1.089e-006	2.8214	0
1.0895e-006	2.82149	0
1.09e-006	2.82159	0
1.0905e-006	2.82169	0
1.091e-006	2.82179	0
1.0915e-006	2.82189	0
1.092e-006	2.82199	0
1.0925e-006	2.82209	0
1.093e-006	2.82219	0
1.0935e-006	2.8223	0
1.094e-006	2.8224	0
1.0945e-006	2.82251	0
1.095e-006	2.82262	0
1.0955e-006	2.82273	0
1.096e-006	2.82284	0
1.0965e-006	2.82295	0
1.097e-006	2.82307	0
1.0975e-006	2.82318	0
1.098e-006	2.8233	0
1.0985e-006	2.82341	0
1.099e-006	2.82353	0
1.0995e-006	2.82365	0
1.1e-006	2.82377	0
1.1005e-006	2.82389	0
1.101e-006	2.82401	0
1.1015e-006	2.82413	0
1.102e-006	2.81337	0
1.1025e-006	2.81344	0
1.103e-006	2.81351	0
1.1035e-006	2.81358	0
1.104e-006	2.81365	0
1.1045e-006	2.81373	0
1.105e-006	2.8138	0
1.1055e-006	2.81388	0
1.106e-006	2.81396	0
1.1065e-006	2.81404	0
1.107e-006	2.81412	0
1.1075e-006	2.8142	0
1.108e-006	2.81429	0
1.1085e-006	2.81438	0
1.109e-006	2.81446	0
1.1095e-006	2.81455	0
1.11e-006	2.81464	0
1.1105e-006	2.81473	0
1.111e-006	2.81483	0
1.1115e-006	2.81492	0
1.112e-006	2.81502	0
1.1125e-006	2.81512	0
1.113e-006	2.81522	0
1.1135e-006	2.81532	0
1.114e-006	2.81542	0
1.1145e-006	2.81552	0
1.115e-006	2.81563	0
1.1155e-006	2.81574	0
1.116e-006	2.81584	0
1.1165e-006	2.81595	0
1.117e-006	2.81607	0
1.1175e-006	2.81618	0
1.118e-006	2.81629	0
1.1185e-006	2.81641	0
1.119e-006	2.81652	0
1.1195e-006	2.81664	0
1.12e-006	2.81676	0
1.1205e-006	2.81688	0
1.121e-006	2.81701	0
1.1215e-006	2.81713	0
1.122e-006	2.81725	0
1.1225e-006	2.81738	0
1.123e-006	2.81751	0
1.1235e-006	2.81764	0
1.124e-006	2.81777	0
1.1245e-006	2.8179	0
1.125e-006	2.81803	0
1.1255e-006	2.81817	0
1.126e-006	2.8183	0
1.1265e-006	2.81844	0
1.127e-006	2.81315	0
1.1275e-006	2.81322	0
1.128e-006	2.81328	0
1.1285e-006	2.81335	0
1.129e-006	2.81341	0
1.1295e-006	2.81348	0
1.13e-006	2.81355	0
1.1305e-006	2.81362	0
1.131e-006	2.81369	0
1.1315e-006	2.81376	0
1.132e-006	2.81383	0
1.1325e-006	2.8139	0
1.133e-006	2.81398	0
1.1335e-006	2.81406	0
1.134e-006	2.81413	0
1.1345e-006	2.81421	0
1.135e-006	2.81429	0
1.1355e-006	2.81437	0
1.136e-006	2.81445	0
1.1365e-006	2.81453	0
1.137e-006	2.81462	0
1.1375e-006	2.8147	0
1.138e-006	2.81479	0
1.1385e-006	2.81487	0
1.139e-006	2.81496	0
1.1395e-006	2.81505	0
1.14e-006	2.81514	0
1.1405e-006	2.81523	0
1.141e-006	2.81532	0
1.1415e-006	2.81541	0
1.142e-006	2.81551	0
1.1425e-006	2.8156	0
1.143e-006	2.8157	0
1.1435e-006	2.8158	0
1.144e-006	2.81589	0
1.1445e-006	2.81599	0
1.145e-006	2.81609	0
1.1455e-006	2.81619	0
1.146e-006	2.8163	0
1.1465e-006	2.8164	0
1.147e-006	2.8165	0
1.1475e-006	2.81661	0
1.148e-006	2.81671	0
1.1485e-006	2.81682	0
1.149e-006	2.81693	0
1.1495e-006	2.81704	0
1.15e-006	2.81715	0
1.1505e-006	2.81726	0
1.151e-006	2.81737	0
1.1515e-006	2.81748	0
1.152e-006	2.81759	0
1.1525e-006	2.8177	0
1.153e-006	2.81781	0
1.1535e-006	2.80711	0
1.154e-006	2.80718	0
1.1545e-006	2.80724	0
1.155e-006	2.80731	0
1.1555e-006	2.80738	0
1.156e-006	2.80745	0
1.1565e-006	2.80752	0
1.157e-006	2.80759	0
1.1575e-006	2.80767	0
1.158e-006	2.80774	0
1.1585e-006	2.80782	0
1.159e-006	2.80789	0
1.1595e-006	2.80797	0
1.16e-006	2.80805	0
1.1605e-006	2.80813	0
1.161e-006	2.80822	0
1.1615e-006	2.8083	0
1.162e-006	2.80838	0
1.1625e-006	2.80847	0
1.163e-006	2.80856	0
1.1635e-006	2.80865	0
1.164e-006	2.80874	0
1.1645e-006	2.80883	0
1.165e-006	2.80892	0
1.1655e-006	2.80901	0
1.166e-006	2.80911	0
1.1665e-006	2.8092	0
1.167e-006	2.8093	0
1.1675e-006	2.8094	0
1.168e-006	2.8095	0
1.1685e-006	2.8096	0
1.169e-006	2.8097	0
1.1695e-006	2.8098	0
1.17e-006	2.8099	0
1.1705e-006	2.81001	0
1.171e-006	2.81012	0
1.1715e-006	2.81022	0
1.172e-006	2.81033	0
1.1725e-006	2.81044	0
1.173e-006	2.81055	0
1.1735e-006	2.81066	0
1.174e-006	2.81078	0
1.1745e-006	2.81089	0
1.175e-006	2.81101	0
1.1755e-006	2.81112	0
1.176e-006	2.81124	0
1.1765e-006	2.81136	0
1.177e-006	2.81148	0
1.1775e-006	2.8116	0
1.178e-006	2.81173	0
1.1785e-006	2.81185	0
1.179e-006	2.81197	0
1.1795e-006	2.81209	0
1.18e-006	2.81222	0
1.1805e-006	2.81235	0
1.181e-006	2.80705	0
1.1815e-006	2.80711	0
1.182e-006	2.80717	0
1.1825e-006	2.80723	0
1.183e-006	2.80729	0
1.1835e-006	2.80736	0
1.184e-006	2.80742	0
1.1845e-006	2.80749	0
1.185e-006	2.80755	0
1.1855e-006	2.80762	0
1.186e-006	2.80769	0
1.1865e-006	2.80776	0
1.187e-006	2.80783	0
1.1875e-006	2.8079	0
1.188e-006	2.80797	0
1.1885e-006	2.80804	0
1.189e-006	2.80811	0
1.1895e-006	2.80819	0
1.19e-006	2.80826	0
1.1905e-006	2.80834	0
1.191e-006	2.80842	0
1.1915e-006	2.80849	0
1.192e-006	2.80857	0
1.1925e-006	2.80865	0
1.193e-006	2.80873	0
1.1935e-006	2.80881	0
1.194e-006	2.80889	0
1.1945e-006	2.80898	0
1.195e-006	2.80906	0
1.1955e-006	2.80915	0
1.196e-006	2.80923	0
1.1965e-006	2.80932	0
1.197e-006	2.8094	0
1.1975e-006	2.80949	0
1.198e-006	2.80958	0
1.1985e-006	2.80967	0
1.199e-006	2.80976	0
1.1995e-006	2.80985	0
1.2e-006	2.80994	0
1.2005e-006	2.81004	0
1.201e-006	2.81013	0
1.2015e-006	2.81023	0
1.202e-006	2.81032	0
1.2025e-006	2.81042	0
1.203e-006	2.81052	0
1.2035e-006	2.81061	0
1.204e-006	2.81071	0
1.2045e-006	2.81081	0
1.205e-006	2.81091	0
1.2055e-006	2.81101	0
1.206e-006	2.81112	0
1.2065e-006	2.81122	0
1.207e-006	2.81132	0
1.2075e-006	2.81142	0
1.208e-006	2.81152	0
1.2085e-006	2.81163	0
1.209e-006	2.81173	0
1.2095e-006	2.80112	0
1.21e-006	2.80118	0
1.2105e-006	2.80125	0
1.211e-006	2.80131	0
1.2115e-006	2.80137	0
1.212e-006	2.80144	0
1.2125e-006	2.8015	0
1.213e-006	2.80157	0
1.2135e-006	2.80164	0
1.214e-006	2.8017	0
1.2145e-006	2.80177	0
1.215e-006	2.80184	0
1.2155e-006	2.80192	0
1.216e-006	2.80199	0
1.2165e-006	2.80206	0
1.217e-006	2.80214	0
1.2175e-006	2.80221	0
1.218e-006	2.80229	0
1.2185e-006	2.80237	0
1.219e-006	2.80244	0
1.2195e-006	2.80252	0
1.22e-006	2.8026	0
1.2205e-006	2.80269	0
1.221e-006	2.80277	0
1.2215e-006	2.80285	0
1.222e-006	2.80294	0
1.2225e-006	2.80302	0
1.223e-006	2.80311	0
1.2235e-006	2.8032	0
1.224e-006	2.80329	0
1.2245e-006	2.80337	0
1.225e-006	2.80346	0
1.2255e-006	2.80356	0
1.226e-006	2.80365	0
1.2265e-006	2.80374	0
1.227e-006	2.80384	0
1.2275e-006	2.80393	0
1.228e-006	2.80403	0
1.2285e-006	2.80412	0
1.229e-006	2.80422	0
1.2295e-006	2.80432	0
1.23e-006	2.80442	0
1.2305e-006	2.80452	0
1.231e-006	2.80463	0
1.2315e-006	2.80473	0
1.232e-006	2.80483	0
1.2325e-006	2.80494	0
1.233e-006	2.80504	0
1.2335e-006	2.80515	0
1.234e-006	2.80526	0
1.2345e-006	2.80537	0
1.235e-006	2.80547	0
1.2355e-006	2.80558	0
1.236e-006	2.8057	0
1.2365e-006	2.80581	0
1.237e-006	2.80592	0
1.2375e-006	2.80603	0
1.238e-006	2.80615	0
1.2385e-006	2.80626	0
1.239e-006	2.80638	0
1.2395e-006	2.80649	0
1.24e-006	2.80123	0
1.2405e-006	2.80129	0
1.241e-006	2.80134	0
1.2415e-006	2.8014	0
1.242e-006	2.80146	0
1.2425e-006	2.80152	0
1.243e-006	2.80158	0
1.2435e-006	2.80164	0
1.244e-006	2.8017	0
1.2445e-006	2.80176	0
1.245e-006	2.80182	0
1.2455e-006	2.80189	0
1.246e-006	2.80195	0
1.2465e-006	2.80202	0
1.247e-006	2.80208	0
1.2475e-006	2.80215	0
1.248e-006	2.80222	0
1.2485e-006	2.80228	0
1.249e-006	2.80235	0
1.2495e-006	2.80242	0
1.25e-006	2.80249	0
1.2505e-006	2.80256	0
1.251e-006	2.80263	0
1.2515e-006	2.8027	0
1.252e-006	2.80278	0
1.2525e-006	2.80285	0
1.253e-006	2.80293	0
1.2535e-006	2.803	0
1.254e-006	2.80308	0
1.2545e-006	2.80315	0
1.255e-006	2.80323	0
1.2555e-006	2.80331	0
1.256e-006	2.80338	0
1.2565e-006	2.80346	0
1.257e-006	2.80354	0
1.2575e-006	2.80362	0
1.258e-006	2.8037	0
1.2585e-006	2.80379	0
1.259e-006	2.80387	0
1.2595e-006	2.80395	0
1.26e-006	2.80403	0
1.2605e-006	2.80412	0
1.261e-006	2.8042	0
1.2615e-006	2.80429	0
1.262e-006	2.80438	0
1.2625e-006	2.80446	0
1.263e-006	2.80455	0
1.2635e-006	2.80464	0
1.264e-006	2.80473	0
1.2645e-006	2.80482	0
1.265e-006	2.80491	0
1.2655e-006	2.805	0
1.266e-006	2.80509	0
1.2665e-006	2.80518	0
1.267e-006	2.80528	0
1.2675e-006	2.80537	0
1.268e-006	2.80547	0
1.2685e-006	2.80556	0
1.269e-006	2.80565	0
1.2695e-006	2.80575	0
1.27e-006	2.80584	0
1.2705e-006	2.80594	0
1.271e-006	2.80603	0
1.2715e-006	2.79549	0
1.272e-006	2.79555	0
1.2725e-006	2.79561	0
1.273e-006	2.79567	0
1.2735e-006	2.79572	0
1.274e-006	2.79578	0
1.2745e-006	2.79584	0
1.275e-006	2.79591	0
1.2755e-006	2.79597	0
1.276e-006	2.79603	0
1.2765e-006	2.79609	0
1.277e-006	2.79616	0
1.2775e-006	2.79622	0
1.278e-006	2.79629	0
1.2785e-006	2.79636	0
1.279e-006	2.79643	0
1.2795e-006	2.79649	0
1.28e-006	2.79656	0
1.2805e-006	2.79663	0
1.281e-006	2.79671	0
1.2815e-006	2.79678	0
1.282e-006	2.79685	0
1.2825e-006	2.79692	0
1.283e-006	2.797	0
1.2835e-006	2.79707	0
1.284e-006	2.79715	0
1.2845e-006	2.79723	0
1.285e-006	2.7973	0
1.2855e-006	2.79738	0
1.286e-006	2.79746	0
1.2865e-006	2.79754	0
1.287e-006	2.79762	0
1.2875e-006	2.7977	0
1.288e-006	2.79779	0
1.2885e-006	2.79787	0
1.289e-006	2.79795	0
1.2895e-006	2.79804	0
1.29e-006	2.79812	0
1.2905e-006	2.79821	0
1.291e-006	2.7983	0
1.2915e-006	2.79838	0
1.292e-006	2.79847	0
1.2925e-006	2.79856	0
1.293e-006	2.79865	0
1.2935e-006	2.79874	0
1.294e-006	2.79883	0
1.2945e-006	2.79893	0
1.295e-006	2.79902	0
1.2955e-006	2.79911	0
1.296e-006	2.79921	0
1.2965e-006	2.7993	0
1.297e-006	2.7994	0
1.2975e-006	2.7995	0
1.298e-006	2.79959	0
1.2985e-006	2.79969	0
1.299e-006	2.79979	0
1.2995e-006	2.79989	0
1.3e-006	2.79999	0
1.3005e-006	2.80009	0
1.301e-006	2.8002	0
1.3015e-006	2.8003	0
1.302e-006	2.8004	0
1.3025e-006	2.8005	0
1.303e-006	2.80061	0
1.3035e-006	2.80071	0
1.304e-006	2.80082	0
1.3045e-006	2.80092	0
1.305e-006	2.79572	0
1.3055e-006	2.79577	0
1.306e-006	2.79582	0
1.3065e-006	2.79588	0
1.307e-006	2.79593	0
1.3075e-006	2.79598	0
1.308e-006	2.79604	0
1.3085e-006	2.79609	0
1.309e-006	2.79615	0
1.3095e-006	2.79621	0
1.31e-006	2.79626	0
1.3105e-006	2.79632	0
1.311e-006	2.79638	0
1.3115e-006	2.79644	0
1.312e-006	2.7965	0
1.3125e-006	2.79656	0
1.313e-006	2.79662	0
1.3135e-006	2.79668	0
1.314e-006	2.79674	0
1.3145e-006	2.79681	0
1.315e-006	2.79687	0
1.3155e-006	2.79693	0
1.316e-006	2.797	0
1.3165e-006	2.79706	0
1.317e-006	2.79713	0
1.3175e-006	2.79719	0
1.318e-006	2.79726	0
1.3185e-006	2.79733	0
1.319e-006	2.79739	0
1.3195e-006	2.79746	0
1.32e-006	2.79753	0
1.3205e-006	2.7976	0
1.321e-006	2.79767	0
1.3215e-006	2.79774	0
1.322e-006	2.79781	0
1.3225e-006	2.79788	0
1.323e-006	2.79796	0
1.3235e-006	2.79803	0
1.324e-006	2.7981	0
1.3245e-006	2.79818	0
1.325e-006	2.79825	0
1.3255e-006	2.79832	0
1.326e-006	2.7984	0
1.3265e-006	2.79848	0
1.327e-006	2.79855	0
1.3275e-006	2.79863	0
1.328e-006	2.79871	0
1.3285e-006	2.79879	0
1.329e-006	2.79886	0
1.3295e-006	2.79894	0
1.33e-006	2.79902	0
1.3305e-006	2.7991	0
1.331e-006	2.79918	0
1.3315e-006	2.79927	0
1.332e-006	2.79935	0
1.3325e-006	2.79943	0
1.333e-006	2.79951	0
1.3335e-006	2.7996	0
1.334e-006	2.79968	0
1.3345e-006	2.79976	0
1.335e-006	2.79985	0
1.3355e-006	2.79994	0
1.336e-006	2.80002	0
1.3365e-006	2.80011	0
1.337e-006	2.8002	0
1.3375e-006	2.80028	0
1.338e-006	2.80037	0
1.3385e-006	2.80045	0
1.339e-006	2.80054	0
1.3395e-006	2.80063	0
1.34e-006	2.80071	0
1.3405e-006	2.79022	0
1.341e-006	2.79027	0
1.3415e-006	2.79032	0
1.342e-006	2.79038	0
1.3425e-006	2.79043	0
1.343e-006	2.79049	0
1.3435e-006	2.79054	0
1.344e-006	2.7906	0
1.3445e-006	2.79066	0
1.345e-006	2.79072	0
1.3455e-006	2.79077	0
1.346e-006	2.79083	0
1.3465e-006	2.79089	0
1.347e-006	2.79095	0
1.3475e-006	2.79102	0
1.348e-006	2.79108	0
1.3485e-006	2.79114	0
1.349e-006	2.7912	0
1.3495e-006	2.79127	0
1.35e-006	2.79133	0
1.3505e-006	2.7914	0
1.351e-006	2.79146	0
1.3515e-006	2.79153	0
1.352e-006	2.7916	0
1.3525e-006	2.79166	0
1.353e-006	2.79173	0
1.3535e-006	2.7918	0
1.354e-006	2.79187	0
1.3545e-006	2.79194	0
1.355e-006	2.79201	0
1.3555e-006	2.79208	0
1.356e-006	2.79216	0
1.3565e-006	2.79223	0
1.357e-006	2.7923	0
1.3575e-006	2.79238	0
1.358e-006	2.79245	0
1.3585e-006	2.79253	0
1.359e-006	2.7926	0
1.3595e-006	2.79268	0
1.36e-006	2.79276	0
1.3605e-006	2.79283	0
1.361e-006	2.79291	0
1.3615e-006	2.79299	0
1.362e-006	2.79307	0
1.3625e-006	2.79315	0
1.363e-006	2.79323	0
1.3635e-006	2.79331	0
1.364e-006	2.79339	0
1.3645e-006	2.79348	0
1.365e-006	2.79356	0
1.3655e-006	2.79364	0
1.366e-006	2.79373	0
1.3665e-006	2.79381	0
1.367e-006	2.7939	0
1.3675e-006	2.79399	0
1.368e-006	2.79407	0
1.3685e-006	2.79416	0
1.369e-006	2.79425	0
1.3695e-006	2.79434	0
1.37e-006	2.79443	0
1.3705e-006	2.79452	0
1.371e-006	2.79461	0
1.3715e-006	2.7947	0
1.372e-006	2.79479	0
1.3725e-006	2.79488	0
1.373e-006	2.79498	0
1.3735e-006	2.79507	0
1.374e-006	2.79516	0
1.3745e-006	2.79526	0
1.375e-006	2.79535	0
1.3755e-006	2.79545	0
1.376e-006	2.79554	0
1.3765e-006	2.79564	0
1.377e-006	2.79574	0
1.3775e-006	2.79055	0
1.378e-006	2.7906	0
1.3785e-006	2.79065	0
1.379e-006	2.7907	0
1.3795e-006	2.79075	0
1.38e-006	2.7908	0
1.3805e-006	2.79085	0
1.381e-006	2.7909	0
1.3815e-006	2.79095	0
1.382e-006	2.791	0
1.3825e-006	2.79106	0
1.383e-006	2.79111	0
1.3835e-006	2.79116	0
1.384e-006	2.79122	0
1.3845e-006	2.79127	0
1.385e-006	2.79133	0
1.3855e-006	2.79138	0
1.386e-006	2.79144	0
1.3865e-006	2.79149	0
1.387e-006	2.79155	0
1.3875e-006	2.79161	0
1.388e-006	2.79166	0
1.3885e-006	2.79172	0
1.389e-006	2.79178	0
1.3895e-006	2.79184	0
1.39e-006	2.7919	0
1.3905e-006	2.79196	0
1.391e-006	2.79202	0
1.3915e-006	2.79208	0
1.392e-006	2.79214	0
1.3925e-006	2.7922	0
1.393e-006	2.79226	0
1.3935e-006	2.79232	0
1.394e-006	2.79239	0
1.3945e-006	2.79245	0
1.395e-006	2.79251	0
1.3955e-006	2.79258	0
1.396e-006	2.79264	0
1.3965e-006	2.79271	0
1.397e-006	2.79277	0
1.3975e-006	2.79284	0
1.398e-006	2.79291	0
1.3985e-006	2.79297	0
1.399e-006	2.79304	0
1.3995e-006	2.79311	0
1.4e-006	2.79318	0
1.4005e-006	2.79325	0
1.401e-006	2.79331	0
1.4015e-006	2.79338	0
1.402e-006	2.79345	0
1.4025e-006	2.79352	0
1.403e-006	2.79359	0
1.4035e-006	2.79367	0
1.404e-006	2.79374	0
1.4045e-006	2.79381	0
1.405e-006	2.79388	0
1.4055e-006	2.79395	0
1.406e-006	2.79403	0
1.4065e-006	2.7941	0
1.407e-006	2.79418	0
1.4075e-006	2.79425	0
1.408e-006	2.79433	0
1.4085e-006	2.7944	0
1.409e-006	2.79448	0
1.4095e-006	2.79455	0
1.41e-006	2.79463	0
1.4105e-006	2.79471	0
1.411e-006	2.79478	0
1.4115e-006	2.79486	0
1.412e-006	2.79494	0
1.4125e-006	2.79502	0
1.413e-006	2.7951	0
1.4135e-006	2.79518	0
1.414e-006	2.79526	0
1.4145e-006	2.79533	0
1.415e-006	2.79541	0
1.4155e-006	2.79549	0
1.416e-006	2.79557	0
1.4165e-006	2.79565	0
1.417e-006	2.78522	0
1.4175e-006	2.78527	0
1.418e-006	2.78532	0
1.4185e-006	2.78537	0
1.419e-006	2.78541	0
1.4195e-006	2.78547	0
1.42e-006	2.78552	0
1.4205e-006	2.78557	0
1.421e-006	2.78562	0
1.4215e-006	2.78567	0
1.422e-006	2.78573	0
1.4225e-006	2.78578	0
1.423e-006	2.78583	0
1.4235e-006	2.78589	0
1.424e-006	2.78594	0
1.4245e-006	2.786	0
1.425e-006	2.78606	0
1.4255e-006	2.78611	0
1.426e-006	2.78617	0
1.4265e-006	2.78623	0
1.427e-006	2.78629	0
1.4275e-006	2.78634	0
1.428e-006	2.7864	0
1.4285e-006	2.78646	0
1.429e-006	2.78652	0
1.4295e-006	2.78658	0
1.43e-006	2.78665	0
1.4305e-006	2.78671	0
1.431e-006	2.78677	0
1.4315e-006	2.78683	0
1.432e-006	2.7869	0
1.4325e-006	2.78696	0
1.433e-006	2.78702	0
1.4335e-006	2.78709	0
1.434e-006	2.78715	0
1.4345e-006	2.78722	0
1.435e-006	2.78729	0
1.4355e-006	2.78735	0
1.436e-006	2.78742	0
1.4365e-006	2.78749	0
1.437e-006	2.78756	0
1.4375e-006	2.78763	0
1.438e-006	2.7877	0
1.4385e-006	2.78777	0
1.439e-006	2.78784	0
1.4395e-006	2.78791	0
1.44e-006	2.78798	0
1.4405e-006	2.78805	0
1.441e-006	2.78812	0
1.4415e-006	2.78819	0
1.442e-006	2.78827	0
1.4425e-006	2.78834	0
1.443e-006	2.78842	0
1.4435e-006	2.78849	0
1.444e-006	2.78857	0
1.4445e-006	2.78864	0
1.445e-006	2.78872	0
1.4455e-006	2.78879	0
1.446e-006	2.78887	0
1.4465e-006	2.78895	0
1.447e-006	2.78903	0
1.4475e-006	2.78911	0
1.448e-006	2.78918	0
1.4485e-006	2.78926	0
1.449e-006	2.78934	0
1.4495e-006	2.78942	0
1.45e-006	2.78951	0
1.4505e-006	2.78959	0
1.451e-006	2.78967	0
1.4515e-006	2.78975	0
1.452e-006	2.78983	0
1.4525e-006	2.78992	0
1.453e-006	2.79	0
1.4535e-006	2.79008	0
1.454e-006	2.79017	0
1.4545e-006	2.79025	0
1.455e-006	2.79034	0
1.4555e-006	2.79042	0
1.456e-006	2.79051	0
1.4565e-006	2.7906	0
1.457e-006	2.79068	0
1.4575e-006	2.79077	0
1.458e-006	2.79086	0
1.4585e-006	2.7857	0
1.459e-006	2.78574	0
1.4595e-006	2.78579	0
1.46e-006	2.78583	0
1.4605e-006	2.78588	0
1.461e-006	2.78592	0
1.4615e-006	2.78597	0
1.462e-006	2.78602	0
1.4625e-006	2.78606	0
1.463e-006	2.78611	0
1.4635e-006	2.78616	0
1.464e-006	2.78621	0
1.4645e-006	2.78625	0
1.465e-006	2.7863	0
1.4655e-006	2.78635	0
1.466e-006	2.7864	0
1.4665e-006	2.78645	0
1.467e-006	2.7865	0
1.4675e-006	2.78655	0
1.468e-006	2.7866	0
1.4685e-006	2.78665	0
1.469e-006	2.78671	0
1.4695e-006	2.78676	0
1.47e-006	2.78681	0
1.4705e-006	2.78686	0
1.471e-006	2.78692	0
1.4715e-006	2.78697	0
1.472e-006	2.78702	0
1.4725e-006	2.78708	0
1.473e-006	2.78713	0
1.4735e-006	2.78719	0
1.474e-006	2.78724	0
1.4745e-006	2.7873	0
1.475e-006	2.78735	0
1.4755e-006	2.78741	0
1.476e-006	2.78747	0
1.4765e-006	2.78752	0
1.477e-006	2.78758	0
1.4775e-006	2.78764	0
1.478e-006	2.7877	0
1.4785e-006	2.78775	0
1.479e-006	2.78781	0
1.4795e-006	2.78787	0
1.48e-006	2.78793	0
1.4805e-006	2.78799	0
1.481e-006	2.78805	0
1.4815e-006	2.78811	0
1.482e-006	2.78817	0
1.4825e-006	2.78823	0
1.483e-006	2.78829	0
1.4835e-006	2.78836	0
1.484e-006	2.78842	0
1.4845e-006	2.78848	0
1.485e-006	2.78854	0
1.4855e-006	2.78861	0
1.486e-006	2.78867	0
1.4865e-006	2.78873	0
1.487e-006	2.7888	0
1.4875e-006	2.78886	0
1.488e-006	2.78893	0
1.4885e-006	2.78899	0
1.489e-006	2.78906	0
1.4895e-006	2.78912	0
1.49e-006	2.78919	0
1.4905e-006	2.78925	0
1.491e-006	2.78932	0
1.4915e-006	2.78939	0
1.492e-006	2.78946	0
1.4925e-006	2.78952	0
1.493e-006	2.78959	0
1.4935e-006	2.78966	0
1.494e-006	2.78973	0
1.4945e-006	2.7898	0
1.495e-006	2.78987	0
1.4955e-006	2.78994	0
1.496e-006	2.79001	0
1.4965e-006	2.79008	0
1.497e-006	2.79015	0
1.4975e-006	2.79022	0
1.498e-006	2.79029	0
1.4985e-006	2.79036	0
1.499e-006	2.79043	0
1.4995e-006	2.7905	0
1.5e-006	2.79057	0
1.5005e-006	2.79065	0
1.501e-006	2.79072	0
1.5015e-006	2.79079	0
1.502e-006	2.79086	0
1.5025e-006	2.79093	0
1.503e-006	2.78055	0
1.5035e-006	2.78059	0
1.504e-006	2.78064	0
1.5045e-006	2.78068	0
1.505e-006	2.78073	0
1.5055e-006	2.78077	0
1.506e-006	2.78082	0
1.5065e-006	2.78087	0
1.507e-006	2.78091	0
1.5075e-006	2.78096	0
1.508e-006	2.78101	0
1.5085e-006	2.78106	0
1.509e-006	2.78111	0
1.5095e-006	2.78116	0
1.51e-006	2.78121	0
1.5105e-006	2.78126	0
1.511e-006	2.78131	0
1.5115e-006	2.78136	0
1.512e-006	2.78141	0
1.5125e-006	2.78146	0
1.513e-006	2.78151	0
1.5135e-006	2.78157	0
1.514e-006	2.78162	0
1.5145e-006	2.78167	0
1.515e-006	2.78172	0
1.5155e-006	2.78178	0
1.516e-006	2.78183	0
1.5165e-006	2.78189	0
1.517e-006	2.78194	0
1.5175e-006	2.782	0
1.518e-006	2.78206	0
1.5185e-006	2.78211	0
1.519e-006	2.78217	0
1.5195e-006	2.78223	0
1.52e-006	2.78228	0
1.5205e-006	2.78234	0
1.521e-006	2.7824	0
1.5215e-006	2.78246	0
1.522e-006	2.78252	0
1.5225e-006	2.78258	0
1.523e-006	2.78264	0
1.5235e-006	2.7827	0
1.524e-006	2.78276	0
1.5245e-006	2.78282	0
1.525e-006	2.78288	0
1.5255e-006	2.78294	0
1.526e-006	2.78301	0
1.5265e-006	2.78307	0
1.527e-006	2.78313	0
1.5275e-006	2.78319	0
1.528e-006	2.78326	0
1.5285e-006	2.78332	0
1.529e-006	2.78339	0
1.5295e-006	2.78345	0
1.53e-006	2.78352	0
1.5305e-006	2.78358	0
1.531e-006	2.78365	0
1.5315e-006	2.78372	0
1.532e-006	2.78378	0
1.5325e-006	2.78385	0
1.533e-006	2.78392	0
1.5335e-006	2.78398	0
1.534e-006	2.78405	0
1.5345e-006	2.78412	0
1.535e-006	2.78419	0
1.5355e-006	2.78426	0
1.536e-006	2.78433	0
1.5365e-006	2.7844	0
1.537e-006	2.78447	0
1.5375e-006	2.78454	0
1.538e-006	2.78461	0
1.5385e-006	2.78468	0
1.539e-006	2.78476	0
1.5395e-006	2.78483	0
1.54e-006	2.7849	0
1.5405e-006	2.78497	0
1.541e-006	2.78505	0
1.5415e-006	2.78512	0
1.542e-006	2.7852	0
1.5425e-006	2.78527	0
1.543e-006	2.78535	0
1.5435e-006	2.78542	0
1.544e-006	2.7855	0
1.5445e-006	2.78557	0
1.545e-006	2.78565	0
1.5455e-006	2.78573	0
1.546e-006	2.7858	0
1.5465e-006	2.78588	0
1.547e-006	2.78596	0
1.5475e-006	2.78603	0
1.548e-006	2.78611	0
1.5485e-006	2.78619	0
1.549e-006	2.78627	0
1.5495e-006	2.78114	0
1.55e-006	2.78118	0
1.5505e-006	2.78122	0
1.551e-006	2.78126	0
1.5515e-006	2.7813	0
1.552e-006	2.78135	0
1.5525e-006	2.78139	0
1.553e-006	2.78143	0
1.5535e-006	2.78147	0
1.554e-006	2.78152	0
1.5545e-006	2.78156	0
1.555e-006	2.7816	0
1.5555e-006	2.78164	0
1.556e-006	2.78169	0
1.5565e-006	2.78173	0
1.557e-006	2.78178	0
1.5575e-006	2.78182	0
1.558e-006	2.78187	0
1.5585e-006	2.78191	0
1.559e-006	2.78196	0
1.5595e-006	2.782	0
1.56e-006	2.78205	0
1.5605e-006	2.78209	0
1.561e-006	2.78214	0
1.5615e-006	2.78219	0
1.562e-006	2.78224	0
1.5625e-006	2.78228	0
1.563e-006	2.78233	0
1.5635e-006	2.78238	0
1.564e-006	2.78243	0
1.5645e-006	2.78247	0
1.565e-006	2.78252	0
1.5655e-006	2.78257	0
1.566e-006	2.78262	0
1.5665e-006	2.78267	0
1.567e-006	2.78272	0
1.5675e-006	2.78277	0
1.568e-006	2.78282	0
1.5685e-006	2.78287	0
1.569e-006	2.78292	0
1.5695e-006	2.78297	0
1.57e-006	2.78303	0
1.5705e-006	2.78308	0
1.571e-006	2.78313	0
1.5715e-006	2.78318	0
1.572e-006	2.78323	0
1.5725e-006	2.78329	0
1.573e-006	2.78334	0
1.5735e-006	2.78339	0
1.574e-006	2.78345	0
1.5745e-006	2.7835	0
1.575e-006	2.78356	0
1.5755e-006	2.78361	0
1.576e-006	2.78366	0
1.5765e-006	2.78372	0
1.577e-006	2.78377	0
1.5775e-006	2.78383	0
1.578e-006	2.78389	0
1.5785e-006	2.78394	0
1.579e-006	2.784	0
1.5795e-006	2.78405	0
1.58e-006	2.78411	0
1.5805e-006	2.78417	0
1.581e-006	2.78422	0
1.5815e-006	2.78428	0
1.582e-006	2.78434	0
1.5825e-006	2.7844	0
1.583e-006	2.78446	0
1.5835e-006	2.78451	0
1.584e-006	2.78457	0
1.5845e-006	2.78463	0
1.585e-006	2.78469	0
1.5855e-006	2.78475	0
1.586e-006	2.78481	0
1.5865e-006	2.78487	0
1.587e-006	2.78493	0
1.5875e-006	2.78499	0
1.588e-006	2.78505	0
1.5885e-006	2.78511	0
1.589e-006	2.78518	0
1.5895e-006	2.78524	0
1.59e-006	2.7853	0
1.5905e-006	2.78536	0
1.591e-006	2.78542	0
1.5915e-006	2.78549	0
1.592e-006	2.78555	0
1.5925e-006	2.78561	0
1.593e-006	2.78568	0
1.5935e-006	2.78574	0
1.594e-006	2.7858	0
1.5945e-006	2.78587	0
1.595e-006	2.78593	0
1.5955e-006	2.786	0
1.596e-006	2.78606	0
1.5965e-006	2.78612	0
1.597e-006	2.78619	0
1.5975e-006	2.78625	0
1.598e-006	2.78631	0
1.5985e-006	2.78638	0
1.599e-006	2.78644	0
1.5995e-006	2.77613	0
1.6e-006	2.77617	0
1.6005e-006	2.77621	0
1.601e-006	2.77625	0
1.6015e-006	2.77629	0
1.602e-006	2.77634	0
1.6025e-006	2.77638	0
1.603e-006	2.77642	0
1.6035e-006	2.77646	0
1.604e-006	2.7765	0
1.6045e-006	2.77655	0
1.605e-006	2.77659	0
1.6055e-006	2.77663	0
1.606e-006	2.77668	0
1.6065e-006	2.77672	0
1.607e-006	2.77676	0
1.6075e-006	2.77681	0
1.608e-006	2.77685	0
1.6085e-006	2.7769	0
1.609e-006	2.77694	0
1.6095e-006	2.77699	0
1.61e-006	2.77704	0
1.6105e-006	2.77708	0
1.611e-006	2.77713	0
1.6115e-006	2.77718	0
1.612e-006	2.77722	0
1.6125e-006	2.77727	0
1.613e-006	2.77732	0
1.6135e-006	2.77737	0
1.614e-006	2.77742	0
1.6145e-006	2.77747	0
1.615e-006	2.77752	0
1.6155e-006	2.77757	0
1.616e-006	2.77761	0
1.6165e-006	2.77767	0
1.617e-006	2.77772	0
1.6175e-006	2.77777	0
1.618e-006	2.77782	0
1.6185e-006	2.77787	0
1.619e-006	2.77792	0
1.6195e-006	2.77797	0
1.62e-006	2.77802	0
1.6205e-006	2.77808	0
1.621e-006	2.77813	0
1.6215e-006	2.77818	0
1.622e-006	2.77824	0
1.6225e-006	2.77829	0
1.623e-006	2.77834	0
1.6235e-006	2.7784	0
1.624e-006	2.77845	0
1.6245e-006	2.77851	0
1.625e-006	2.77856	0
1.6255e-006	2.77862	0
1.626e-006	2.77867	0
1.6265e-006	2.77873	0
1.627e-006	2.77879	0
1.6275e-006	2.77884	0
1.628e-006	2.7789	0
1.6285e-006	2.77896	0
1.629e-006	2.77902	0
1.6295e-006	2.77907	0
1.63e-006	2.77913	0
1.6305e-006	2.77919	0
1.631e-006	2.77925	0
1.6315e-006	2.77931	0
1.632e-006	2.77937	0
1.6325e-006	2.77943	0
1.633e-006	2.77949	0
1.6335e-006	2.77955	0
1.634e-006	2.77961	0
1.6345e-006	2.77967	0
1.635e-006	2.77973	0
1.6355e-006	2.77979	0
1.636e-006	2.77985	0
1.6365e-006	2.77991	0
1.637e-006	2.77998	0
1.6375e-006	2.78004	0
1.638e-006	2.7801	0
1.6385e-006	2.78016	0
1.639e-006	2.78023	0
1.6395e-006	2.78029	0
1.64e-006	2.78035	0
1.6405e-006	2.78042	0
1.641e-006	2.78048	0
1.6415e-006	2.78055	0
1.642e-006	2.78061	0
1.6425e-006	2.78068	0
1.643e-006	2.78074	0
1.6435e-006	2.78081	0
1.644e-006	2.78088	0
1.6445e-006	2.78094	0
1.645e-006	2.78101	0
1.6455e-006	2.78108	0
1.646e-006	2.78114	0
1.6465e-006	2.78121	0
1.647e-006	2.78128	0
1.6475e-006	2.78135	0
1.648e-006	2.78141	0
1.6485e-006	2.78148	0
1.649e-006	2.78155	0
1.6495e-006	2.78162	0
1.65e-006	2.78169	0
1.6505e-006	2.78176	0
1.651e-006	2.78183	0
1.6515e-006	2.7819	0
1.652e-006	2.78196	0
1.6525e-006	2.78203	0
1.653e-006	2.77691	0
1.6535e-006	2.77695	0
1.654e-006	2.77699	0
1.6545e-006	2.77702	0
1.655e-006	2.77706	0
1.6555e-006	2.7771	0
1.656e-006	2.77714	0
1.6565e-006	2.77717	0
1.657e-006	2.77721	0
1.6575e-006	2.77725	0
1.658e-006	2.77729	0
1.6585e-006	2.77733	0
1.659e-006	2.77737	0
1.6595e-006	2.77741	0
1.66e-006	2.77745	0
1.6605e-006	2.77749	0
1.661e-006	2.77753	0
1.6615e-006	2.77757	0
1.662e-006	2.77761	0
1.6625e-006	2.77765	0
1.663e-006	2.77769	0
1.6635e-006	2.77773	0
1.664e-006	2.77777	0
1.6645e-006	2.77781	0
1.665e-006	2.77785	0
1.6655e-006	2.77789	0
1.666e-006	2.77794	0
1.6665e-006	2.77798	0
1.667e-006	2.77802	0
1.6675e-006	2.77806	0
1.668e-006	2.77811	0
1.6685e-006	2.77815	0
1.669e-006	2.77819	0
1.6695e-006	2.77823	0
1.67e-006	2.77828	0
1.6705e-006	2.77832	0
1.671e-006	2.77837	0
1.6715e-006	2.77841	0
1.672e-006	2.77845	0
1.6725e-006	2.7785	0
1.673e-006	2.77854	0
1.6735e-006	2.77859	0
1.674e-006	2.77863	0
1.6745e-006	2.77868	0
1.675e-006	2.77873	0
1.6755e-006	2.77877	0
1.676e-006	2.77882	0
1.6765e-006	2.77886	0
1.677e-006	2.77891	0
1.6775e-006	2.77896	0
1.678e-006	2.779	0
1.6785e-006	2.77905	0
1.679e-006	2.7791	0
1.6795e-006	2.77915	0
1.68e-006	2.77919	0
1.6805e-006	2.77924	0
1.681e-006	2.77929	0
1.6815e-006	2.77934	0
1.682e-006	2.77939	0
1.6825e-006	2.77944	0
1.683e-006	2.77948	0
1.6835e-006	2.77953	0
1.684e-006	2.77958	0
1.6845e-006	2.77963	0
1.685e-006	2.77968	0
1.6855e-006	2.77973	0
1.686e-006	2.77978	0
1.6865e-006	2.77983	0
1.687e-006	2.77988	0
1.6875e-006	2.77993	0
1.688e-006	2.77998	0
1.6885e-006	2.78003	0
1.689e-006	2.78009	0
1.6895e-006	2.78014	0
1.69e-006	2.78019	0
1.6905e-006	2.78024	0
1.691e-006	2.78029	0
1.6915e-006	2.78035	0
1.692e-006	2.7804	0
1.6925e-006	2.78045	0
1.693e-006	2.7805	0
1.6935e-006	2.78056	0
1.694e-006	2.78061	0
1.6945e-006	2.78066	0
1.695e-006	2.78072	0
1.6955e-006	2.78077	0
1.696e-006	2.78082	0
1.6965e-006	2.78088	0
1.697e-006	2.78093	0
1.6975e-006	2.78099	0
1.698e-006	2.78104	0
1.6985e-006	2.7811	0
1.699e-006	2.78115	0
1.6995e-006	2.78121	0
1.7e-006	2.78126	0
1.7005e-006	2.78132	0
1.701e-006	2.78137	0
1.7015e-006	2.78143	0
1.702e-006	2.78149	0
1.7025e-006	2.78154	0
1.703e-006	2.7816	0
1.7035e-006	2.78166	0
1.704e-006	2.78171	0
1.7045e-006	2.78177	0
1.705e-006	2.78183	0
1.7055e-006	2.78188	0
1.706e-006	2.78194	0
1.7065e-006	2.782	0
1.707e-006	2.78206	0
1.7075e-006	2.78211	0
1.708e-006	2.78217	0
1.7085e-006	2.78223	0
1.709e-006	2.78228	0
1.7095e-006	2.78234	0
1.71e-006	2.77207	0
1.7105e-006	2.7721	0
1.711e-006	2.77214	0
1.7115e-006	2.77218	0
1.712e-006	2.77221	0
1.7125e-006	2.77225	0
1.713e-006	2.77229	0
1.7135e-006	2.77232	0
1.714e-006	2.77236	0
1.7145e-006	2.7724	0
1.715e-006	2.77244	0
1.7155e-006	2.77248	0
1.716e-006	2.77251	0
1.7165e-006	2.77255	0
1.717e-006	2.77259	0
1.7175e-006	2.77263	0
1.718e-006	2.77267	0
1.7185e-006	2.77271	0
1.719e-006	2.77275	0
1.7195e-006	2.77279	0
1.72e-006	2.77283	0
1.7205e-006	2.77287	0
1.721e-006	2.77291	0
1.7215e-006	2.77295	0
1.722e-006	2.773	0
1.7225e-006	2.77304	0
1.723e-006	2.77308	0
1.7235e-006	2.77312	0
1.724e-006	2.77316	0
1.7245e-006	2.77321	0
1.725e-006	2.77325	0
1.7255e-006	2.77329	0
1.726e-006	2.77334	0
1.7265e-006	2.77338	0
1.727e-006	2.77342	0
1.7275e-006	2.77347	0
1.728e-006	2.77351	0
1.7285e-006	2.77356	0
1.729e-006	2.7736	0
1.7295e-006	2.77365	0
1.73e-006	2.77369	0
1.7305e-006	2.77374	0
1.731e-006	2.77378	0
1.7315e-006	2.77383	0
1.732e-006	2.77387	0
1.7325e-006	2.77392	0
1.733e-006	2.77397	0
1.7335e-006	2.77401	0
1.734e-006	2.77406	0
1.7345e-006	2.77411	0
1.735e-006	2.77415	0
1.7355e-006	2.7742	0
1.736e-006	2.77425	0
1.7365e-006	2.7743	0
1.737e-006	2.77435	0
1.7375e-006	2.77439	0
1.738e-006	2.77444	0
1.7385e-006	2.77449	0
1.739e-006	2.77454	0
1.7395e-006	2.77459	0
1.74e-006	2.77464	0
1.7405e-006	2.77469	0
1.741e-006	2.77474	0
1.7415e-006	2.77479	0
1.742e-006	2.77484	0
1.7425e-006	2.77489	0
1.743e-006	2.77494	0
1.7435e-006	2.77499	0
1.744e-006	2.77504	0
1.7445e-006	2.7751	0
1.745e-006	2.77515	0
1.7455e-006	2.7752	0
1.746e-006	2.77525	0
1.7465e-006	2.7753	0
1.747e-006	2.77536	0
1.7475e-006	2.77541	0
1.748e-006	2.77546	0
1.7485e-006	2.77552	0
1.749e-006	2.77557	0
1.7495e-006	2.77562	0
1.75e-006	2.77568	0
1.7505e-006	2.77573	0
1.751e-006	2.77579	0
1.7515e-006	2.77584	0
1.752e-006	2.77589	0
1.7525e-006	2.77595	0
1.753e-006	2.776	0
1.7535e-006	2.77606	0
1.754e-006	2.77612	0
1.7545e-006	2.77617	0
1.755e-006	2.77623	0
1.7555e-006	2.77628	0
1.756e-006	2.77634	0
1.7565e-006	2.7764	0
1.757e-006	2.77645	0
1.7575e-006	2.77651	0
1.758e-006	2.77657	0
1.7585e-006	2.77663	0
1.759e-006	2.77668	0
1.7595e-006	2.77674	0
1.76e-006	2.7768	0
1.7605e-006	2.77686	0
1.761e-006	2.77692	0
1.7615e-006	2.77697	0
1.762e-006	2.77703	0
1.7625e-006	2.77709	0
1.763e-006	2.77715	0
1.7635e-006	2.77721	0
1.764e-006	2.77727	0
1.7645e-006	2.77733	0
1.765e-006	2.77739	0
1.7655e-006	2.77745	0
1.766e-006	2.77751	0
1.7665e-006	2.77757	0
1.767e-006	2.77763	0
1.7675e-006	2.77769	0
1.768e-006	2.77776	0
1.7685e-006	2.77782	0
1.769e-006	2.77788	0
1.7695e-006	2.77794	0
1.77e-006	2.778	0
1.7705e-006	2.77806	0
1.771e-006	2.77296	0
1.7715e-006	2.77299	0
1.772e-006	2.77303	0
1.7725e-006	2.77306	0
1.773e-006	2.77309	0
1.7735e-006	2.77313	0
1.774e-006	2.77316	0
1.7745e-006	2.77319	0
1.775e-006	2.77323	0
1.7755e-006	2.77326	0
1.776e-006	2.7733	0
1.7765e-006	2.77333	0
1.777e-006	2.77337	0
1.7775e-006	2.7734	0
1.778e-006	2.77344	0
1.7785e-006	2.77347	0
1.779e-006	2.77351	0
1.7795e-006	2.77354	0
1.78e-006	2.77358	0
1.7805e-006	2.77361	0
1.781e-006	2.77365	0
1.7815e-006	2.77368	0
1.782e-006	2.77372	0
1.7825e-006	2.77376	0
1.783e-006	2.77379	0
1.7835e-006	2.77383	0
1.784e-006	2.77387	0
1.7845e-006	2.7739	0
1.785e-006	2.77394	0
1.7855e-006	2.77398	0
1.786e-006	2.77401	0
1.7865e-006	2.77405	0
1.787e-006	2.77409	0
1.7875e-006	2.77413	0
1.788e-006	2.77417	0
1.7885e-006	2.7742	0
1.789e-006	2.77424	0
1.7895e-006	2.77428	0
1.79e-006	2.77432	0
1.7905e-006	2.77436	0
1.791e-006	2.7744	0
1.7915e-006	2.77444	0
1.792e-006	2.77448	0
1.7925e-006	2.77452	0
1.793e-006	2.77455	0
1.7935e-006	2.77459	0
1.794e-006	2.77463	0
1.7945e-006	2.77467	0
1.795e-006	2.77471	0
1.7955e-006	2.77475	0
1.796e-006	2.7748	0
1.7965e-006	2.77484	0
1.797e-006	2.77488	0
1.7975e-006	2.77492	0
1.798e-006	2.77496	0
1.7985e-006	2.775	0
1.799e-006	2.77504	0
1.7995e-006	2.77508	0
1.8e-006	2.77512	0
1.8005e-006	2.77517	0
1.801e-006	2.77521	0
1.8015e-006	2.77525	0
1.802e-006	2.77529	0
1.8025e-006	2.77534	0
1.803e-006	2.77538	0
1.8035e-006	2.77542	0
1.804e-006	2.77546	0
1.8045e-006	2.77551	0
1.805e-006	2.77555	0
1.8055e-006	2.77559	0
1.806e-006	2.77564	0
1.8065e-006	2.77568	0
1.807e-006	2.77572	0
1.8075e-006	2.77577	0
1.808e-006	2.77581	0
1.8085e-006	2.77586	0
1.809e-006	2.7759	0
1.8095e-006	2.77594	0
1.81e-006	2.77599	0
1.8105e-006	2.77603	0
1.811e-006	2.77608	0
1.8115e-006	2.77612	0
1.812e-006	2.77617	0
1.8125e-006	2.77621	0
1.813e-006	2.77626	0
1.8135e-006	2.77631	0
1.814e-006	2.77635	0
1.8145e-006	2.7764	0
1.815e-006	2.77644	0
1.8155e-006	2.77649	0
1.816e-006	2.77654	0
1.8165e-006	2.77658	0
1.817e-006	2.77663	0
1.8175e-006	2.77668	0
1.818e-006	2.77672	0
1.8185e-006	2.77677	0
1.819e-006	2.77682	0
1.8195e-006	2.77686	0
1.82e-006	2.77691	0
1.8205e-006	2.77696	0
1.821e-006	2.77701	0
1.8215e-006	2.77706	0
1.822e-006	2.7771	0
1.8225e-006	2.77715	0
1.823e-006	2.7772	0
1.8235e-006	2.77725	0
1.824e-006	2.7773	0
1.8245e-006	2.77735	0
1.825e-006	2.77739	0
1.8255e-006	2.77744	0
1.826e-006	2.77749	0
1.8265e-006	2.77754	0
1.827e-006	2.77759	0
1.8275e-006	2.77764	0
1.828e-006	2.77769	0
1.8285e-006	2.77774	0
1.829e-006	2.77779	0
1.8295e-006	2.77784	0
1.83e-006	2.77789	0
1.8305e-006	2.77794	0
1.831e-006	2.77799	0
1.8315e-006	2.77804	0
1.832e-006	2.77809	0
1.8325e-006	2.77814	0
1.833e-006	2.77819	0
1.8335e-006	2.77824	0
1.834e-006	2.77829	0
1.8345e-006	2.77834	0
1.835e-006	2.77839	0
1.8355e-006	2.77844	0
1.836e-006	2.77849	0
1.8365e-006	2.76827	0
1.837e-006	2.7683	0
1.8375e-006	2.76833	0
1.838e-006	2.76837	0
1.8385e-006	2.7684	0
1.839e-006	2.76843	0
1.8395e-006	2.76846	0
1.84e-006	2.7685	0
1.8405e-006	2.76853	0
1.841e-006	2.76856	0
1.8415e-006	2.7686	0
1.842e-006	2.76863	0
1.8425e-006	2.76866	0
1.843e-006	2.7687	0
1.8435e-006	2.76873	0
1.844e-006	2.76877	0
1.8445e-006	2.7688	0
1.845e-006	2.76884	0
1.8455e-006	2.76887	0
1.846e-006	2.76891	0
1.8465e-006	2.76894	0
1.847e-006	2.76898	0
1.8475e-006	2.76901	0
1.848e-006	2.76905	0
1.8485e-006	2.76909	0
1.849e-006	2.76912	0
1.8495e-006	2.76916	0
1.85e-006	2.76919	0
1.8505e-006	2.76923	0
1.851e-006	2.76927	0
1.8515e-006	2.7693	0
1.852e-006	2.76934	0
1.8525e-006	2.76938	0
1.853e-006	2.76942	0
1.8535e-006	2.76945	0
1.854e-006	2.76949	0
1.8545e-006	2.76953	0
1.855e-006	2.76957	0
1.8555e-006	2.76961	0
1.856e-006	2.76965	0
1.8565e-006	2.76968	0
1.857e-006	2.76972	0
1.8575e-006	2.76976	0
1.858e-006	2.7698	0
1.8585e-006	2.76984	0
1.859e-006	2.76988	0
1.8595e-006	2.76992	0
1.86e-006	2.76996	0
1.8605e-006	2.77	0
1.861e-006	2.77004	0
1.8615e-006	2.77008	0
1.862e-006	2.77012	0
1.8625e-006	2.77016	0
1.863e-006	2.7702	0
1.8635e-006	2.77024	0
1.864e-006	2.77029	0
1.8645e-006	2.77033	0
1.865e-006	2.77037	0
1.8655e-006	2.77041	0
1.866e-006	2.77045	0
1.8665e-006	2.77049	0
1.867e-006	2.77054	0
1.8675e-006	2.77058	0
1.868e-006	2.77062	0
1.8685e-006	2.77066	0
1.869e-006	2.77071	0
1.8695e-006	2.77075	0
1.87e-006	2.77079	0
1.8705e-006	2.77084	0
1.871e-006	2.77088	0
1.8715e-006	2.77092	0
1.872e-006	2.77097	0
1.8725e-006	2.77101	0
1.873e-006	2.77106	0
1.8735e-006	2.7711	0
1.874e-006	2.77114	0
1.8745e-006	2.77119	0
1.875e-006	2.77123	0
1.8755e-006	2.77128	0
1.876e-006	2.77132	0
1.8765e-006	2.77137	0
1.877e-006	2.77142	0
1.8775e-006	2.77146	0
1.878e-006	2.77151	0
1.8785e-006	2.77155	0
1.879e-006	2.7716	0
1.8795e-006	2.77164	0
1.88e-006	2.77169	0
1.8805e-006	2.77174	0
1.881e-006	2.77178	0
1.8815e-006	2.77183	0
1.882e-006	2.77188	0
1.8825e-006	2.77193	0
1.883e-006	2.77197	0
1.8835e-006	2.77202	0
1.884e-006	2.77207	0
1.8845e-006	2.77212	0
1.885e-006	2.77216	0
1.8855e-006	2.77221	0
1.886e-006	2.77226	0
1.8865e-006	2.77231	0
1.887e-006	2.77236	0
1.8875e-006	2.77241	0
1.888e-006	2.77245	0
1.8885e-006	2.7725	0
1.889e-006	2.77255	0
1.8895e-006	2.7726	0
1.89e-006	2.77265	0
1.8905e-006	2.7727	0
1.891e-006	2.77275	0
1.8915e-006	2.7728	0
1.892e-006	2.77285	0
1.8925e-006	2.7729	0
1.893e-006	2.77295	0
1.8935e-006	2.773	0
1.894e-006	2.77305	0
1.8945e-006	2.7731	0
1.895e-006	2.77316	0
1.8955e-006	2.77321	0
1.896e-006	2.77326	0
1.8965e-006	2.77331	0
1.897e-006	2.77336	0
1.8975e-006	2.77341	0
1.898e-006	2.77346	0
1.8985e-006	2.77352	0
1.899e-006	2.77357	0
1.8995e-006	2.77362	0
1.9e-006	2.77367	0
1.9005e-006	2.77373	0
1.901e-006	2.77378	0
1.9015e-006	2.77383	0
1.902e-006	2.77389	0
1.9025e-006	2.77394	0
1.903e-006	2.77399	0
1.9035e-006	2.77404	0
1.904e-006	2.7741	0
1.9045e-006	2.77415	0
1.905e-006	2.7742	0
1.9055e-006	2.77426	0
1.906e-006	2.77431	0
1.9065e-006	2.77437	0
1.907e-006	2.76929	0
1.9075e-006	2.76932	0
1.908e-006	2.76935	0
1.9085e-006	2.76938	0
1.909e-006	2.76941	0
1.9095e-006	2.76944	0
1.91e-006	2.76947	0
1.9105e-006	2.7695	0
1.911e-006	2.76953	0
1.9115e-006	2.76956	0
1.912e-006	2.76959	0
1.9125e-006	2.76962	0
1.913e-006	2.76965	0
1.9135e-006	2.76968	0
1.914e-006	2.76971	0
1.9145e-006	2.76974	0
1.915e-006	2.76977	0
1.9155e-006	2.7698	0
1.916e-006	2.76983	0
1.9165e-006	2.76986	0
1.917e-006	2.7699	0
1.9175e-006	2.76993	0
1.918e-006	2.76996	0
1.9185e-006	2.76999	0
1.919e-006	2.77002	0
1.9195e-006	2.77005	0
1.92e-006	2.77009	0
1.9205e-006	2.77012	0
1.921e-006	2.77015	0
1.9215e-006	2.77018	0
1.922e-006	2.77021	0
1.9225e-006	2.77025	0
1.923e-006	2.77028	0
1.9235e-006	2.77031	0
1.924e-006	2.77034	0
1.9245e-006	2.77038	0
1.925e-006	2.77041	0
1.9255e-006	2.77044	0
1.926e-006	2.77048	0
1.9265e-006	2.77051	0
1.927e-006	2.77054	0
1.9275e-006	2.77058	0
1.928e-006	2.77061	0
1.9285e-006	2.77065	0
1.929e-006	2.77068	0
1.9295e-006	2.77071	0
1.93e-006	2.77075	0
1.9305e-006	2.77078	0
1.931e-006	2.77082	0
1.9315e-006	2.77085	0
1.932e-006	2.77089	0
1.9325e-006	2.77092	0
1.933e-006	2.77096	0
1.9335e-006	2.77099	0
1.934e-006	2.77103	0
1.9345e-006	2.77106	0
1.935e-006	2.7711	0
1.9355e-006	2.77113	0
1.936e-006	2.77117	0
1.9365e-006	2.7712	0
1.937e-006	2.77124	0
1.9375e-006	2.77127	0
1.938e-006	2.77131	0
1.9385e-006	2.77135	0
1.939e-006	2.77138	0
1.9395e-006	2.77142	0
1.94e-006	2.77145	0
1.9405e-006	2.77149	0
1.941e-006	2.77153	0
1.9415e-006	2.77156	0
1.942e-006	2.7716	0
1.9425e-006	2.77164	0
1.943e-006	2.77168	0
1.9435e-006	2.77171	0
1.944e-006	2.77175	0
1.9445e-006	2.77179	0
1.945e-006	2.77182	0
1.9455e-006	2.77186	0
1.946e-006	2.7719	0
1.9465e-006	2.77194	0
1.947e-006	2.77198	0
1.9475e-006	2.77201	0
1.948e-006	2.77205	0
1.9485e-006	2.77209	0
1.949e-006	2.77213	0
1.9495e-006	2.77217	0
1.95e-006	2.7722	0
1.9505e-006	2.77224	0
1.951e-006	2.77228	0
1.9515e-006	2.77232	0
1.952e-006	2.77236	0
1.9525e-006	2.7724	0
1.953e-006	2.77244	0
1.9535e-006	2.77248	0
1.954e-006	2.77252	0
1.9545e-006	2.77256	0
1.955e-006	2.7726	0
1.9555e-006	2.77264	0
1.956e-006	2.77268	0
1.9565e-006	2.77272	0
1.957e-006	2.77276	0
1.9575e-006	2.7728	0
1.958e-006	2.77284	0
1.9585e-006	2.77288	0
1.959e-006	2.77292	0
1.9595e-006	2.77296	0
1.96e-006	2.773	0
1.9605e-006	2.77304	0
1.961e-006	2.77308	0
1.9615e-006	2.77312	0
1.962e-006	2.77316	0
1.9625e-006	2.7732	0
1.963e-006	2.77324	0
1.9635e-006	2.77328	0
1.964e-006	2.77333	0
1.9645e-006	2.77337	0
1.965e-006	2.77341	0
1.9655e-006	2.77345	0
1.966e-006	2.77349	0
1.9665e-006	2.77353	0
1.967e-006	2.77358	0
1.9675e-006	2.77362	0
1.968e-006	2.77366	0
1.9685e-006	2.7737	0
1.969e-006	2.77375	0
1.9695e-006	2.77379	0
1.97e-006	2.77383	0
1.9705e-006	2.77387	0
1.971e-006	2.77392	0
1.9715e-006	2.77396	0
1.972e-006	2.774	0
1.9725e-006	2.77405	0
1.973e-006	2.77409	0
1.9735e-006	2.77413	0
1.974e-006	2.77418	0
1.9745e-006	2.77422	0
1.975e-006	2.77426	0
1.9755e-006	2.77431	0
1.976e-006	2.77435	0
1.9765e-006	2.77439	0
1.977e-006	2.77444	0
1.9775e-006	2.77448	0
1.978e-006	2.77453	0
1.9785e-006	2.77457	0
1.979e-006	2.77462	0
1.9795e-006	2.77466	0
1.98e-006	2.7747	0
1.9805e-006	2.77475	0
1.981e-006	2.77479	0
1.9815e-006	2.77483	0
1.982e-006	2.77488	0
1.9825e-006	2.77492	0
1.983e-006	2.77496	0
1.9835e-006	2.76478	0
1.984e-006	2.7648	0
1.9845e-006	2.76483	0
1.985e-006	2.76486	0
1.9855e-006	2.76489	0
1.986e-006	2.76492	0
1.9865e-006	2.76495	0
1.987e-006	2.76498	0
1.9875e-006	2.765	0
1.988e-006	2.76503	0
1.9885e-006	2.76506	0
1.989e-006	2.76509	0
1.9895e-006	2.76512	0
1.99e-006	2.76515	0
1.9905e-006	2.76518	0
1.991e-006	2.76521	0
1.9915e-006	2.76524	0
1.992e-006	2.76527	0
1.9925e-006	2.7653	0
1.993e-006	2.76533	0
1.9935e-006	2.76536	0
1.994e-006	2.76539	0
1.9945e-006	2.76542	0
1.995e-006	2.76546	0
1.9955e-006	2.76549	0
1.996e-006	2.76552	0
1.9965e-006	2.76555	0
1.997e-006	2.76558	0
1.9975e-006	2.76561	0
1.998e-006	2.76564	0
1.9985e-006	2.76568	0
1.999e-006	2.76571	0
1.9995e-006	2.76574	0
2e-006	2.76577	0
