312
6.20e-10	0.999528	1.23e-04
6.35e-10	0.999476	1.33e-04
6.51e-10	0.999421	1.43e-04
6.67e-10	0.999377	1.54e-04
6.83e-10	0.999332	1.67e-04
7.00e-10	0.999288	1.80e-04
7.17e-10	0.999243	1.94e-04
7.34e-10	0.999197	2.09e-04
7.52e-10	0.99915	2.25e-04
7.71e-10	0.999102	2.43e-04
7.90e-10	0.999051	2.62e-04
8.09e-10	0.999	2.82e-04
8.29e-10	0.99895	3.04e-04
8.49e-10	0.99889	3.27e-04
8.69e-10	0.99883	3.51e-04
8.91e-10	0.99877	3.78e-04
9.13e-10	0.99871	4.06e-04
9.35e-10	0.99865	4.38e-04
9.58e-10	0.99858	4.72e-04
9.82e-10	0.99851	5.08e-04
1.01e-09	0.99844	5.46e-04
1.03e-09	0.99837	5.86e-04
1.06e-09	0.99829	6.30e-04
1.08e-09	0.99821	6.77e-04
1.11e-09	0.99813	7.29e-04
1.13e-09	0.99805	7.82e-04
1.16e-09	0.99796	8.40e-04
1.19e-09	0.99787	9.05e-04
1.22e-09	0.99778	9.72e-04
1.25e-09	0.99769	1.04e-03
1.28e-09	0.99759	1.12e-03
1.31e-09	0.99749	1.20e-03
1.34e-09	0.99739	1.28e-03
1.38e-09	0.99729	1.37e-03
1.41e-09	0.99718	1.47e-03
1.45e-09	0.99707	1.57e-03
1.48e-09	0.99697	1.68e-03
1.52e-09	0.99686	1.79e-03
1.55e-09	0.99675	1.92e-03
1.59e-09	0.99666	2.05e-03
1.63e-09	0.99656	2.16e-03
1.67e-09	0.99646	2.27e-03
1.71e-09	0.99634	2.38e-03
1.75e-09	0.9962	2.51e-03
1.80e-09	0.99606	2.66e-03
1.84e-09	0.99592	2.82e-03
1.88e-09	0.99579	2.99e-03
1.93e-09	0.99566	3.19e-03
1.98e-09	0.99555	3.37e-03
2.03e-09	0.99544	3.55e-03
2.08e-09	0.99532	3.76e-03
2.13e-09	0.99521	3.96e-03
2.18e-09	0.99513	4.17e-03
2.23e-09	0.99508	4.37e-03
2.29e-09	0.99498	4.46e-03
2.34e-09	0.99482	4.54e-03
2.40e-09	0.99458	4.74e-03
2.46e-09	0.99437	4.98e-03
2.52e-09	0.99419	5.23e-03
2.58e-09	0.994	5.51e-03
2.64e-09	0.99384	5.78e-03
2.71e-09	0.99368	6.07e-03
2.77e-09	0.99353	6.38e-03
2.84e-09	0.99338	6.70e-03
2.91e-09	0.99324	7.00e-03
2.99e-09	0.9931	7.37e-03
3.05e-09	0.993	7.70e-03
3.13e-09	0.99293	8.08e-03
3.21e-09	0.9929	8.36e-03
3.29e-09	0.99284	8.59e-03
3.37e-09	0.99273	8.84e-03
3.45e-09	0.9926	9.09e-03
3.53e-09	0.99246	9.33e-03
3.63e-09	0.99228	9.62e-03
3.71e-09	0.99212	9.88e-03
3.80e-09	0.99193	1.02e-02
3.90e-09	0.99174	1.05e-02
3.99e-09	0.99155	1.07e-02
4.09e-09	0.9913	1.11e-02
4.19e-09	0.99108	1.14e-02
4.29e-09	0.99085	1.17e-02
4.40e-09	0.9906	1.20e-02
4.51e-09	0.99034	1.24e-02
4.61e-09	0.9901	1.27e-02
4.73e-09	0.9898	1.31e-02
4.84e-09	0.9896	1.35e-02
4.96e-09	0.9893	1.38e-02
5.08e-09	0.9891	1.41e-02
5.21e-09	0.9888	1.45e-02
5.34e-09	0.9885	1.48e-02
5.46e-09	0.9881	1.51e-02
5.61e-09	0.9877	1.54e-02
5.74e-09	0.9874	1.58e-02
5.88e-09	0.987	1.61e-02
6.02e-09	0.9866	1.64e-02
6.17e-09	0.9863	1.68e-02
6.33e-09	0.9859	1.69e-02
6.49e-09	0.9855	1.69e-02
6.63e-09	0.985	1.69e-02
6.81e-09	0.9841	1.70e-02
6.97e-09	0.9834	1.70e-02
7.13e-09	0.9826	1.70e-02
7.29e-09	0.9816	1.70e-02
7.47e-09	0.9805	1.70e-02
7.65e-09	0.9793	1.70e-02
7.85e-09	0.9778	1.71e-02
8.05e-09	0.9762	1.72e-02
8.27e-09	0.9745	1.74e-02
8.43e-09	0.973	1.75e-02
8.67e-09	0.9708	1.77e-02
8.86e-09	0.969	1.79e-02
9.12e-09	0.9661	1.81e-02
9.32e-09	0.9637	1.86e-02
9.54e-09	0.9612	1.92e-02
9.76e-09	0.9584	1.99e-02
1.00e-08	0.9553	2.06e-02
1.03e-08	0.9518	2.18e-02
1.05e-08	0.9481	2.34e-02
1.08e-08	0.9442	2.50e-02
1.11e-08	0.9399	2.71e-02
1.13e-08	0.9369	2.87e-02
1.16e-08	0.9322	3.14e-02
1.19e-08	0.9269	3.50e-02
1.22e-08	0.9232	3.77e-02
1.24e-08	0.919	4.08e-02
1.50e-08	0.885	7.50e-02
1.60e-08	0.892	8.60e-02
1.70e-08	0.893	9.90e-02
1.80e-08	0.892	0.114
1.90e-08	0.887	0.129
2.00e-08	0.882	0.145
2.10e-08	0.877	0.162
2.20e-08	0.869	0.18
2.30e-08	0.86	0.198
2.40e-08	0.881	0.217
2.50e-08	0.872	0.157
2.60e-08	0.862	0.166
2.70e-08	0.85	0.18
2.80e-08	0.838	0.194
2.90e-08	0.826	0.21
3.00e-08	0.81	0.227
3.10e-08	0.794	0.249
3.20e-08	0.779	0.272
3.30e-08	0.762	0.297
3.40e-08	0.742	0.322
3.50e-08	0.722	0.35
3.60e-08	0.696	0.379
3.70e-08	0.674	0.412
3.80e-08	0.663	0.447
3.90e-08	0.675	0.502
4.00e-08	0.687	0.551
4.10e-08	0.699	0.581
4.20e-08	0.709	0.573
4.30e-08	0.718	0.654
4.40e-08	0.722	0.579
4.50e-08	0.722	0.605
4.60e-08	0.719	0.622
4.70e-08	0.717	0.637
4.80e-08	0.714	0.656
4.90e-08	0.712	0.679
5.00e-08	0.709	0.718
5.10e-08	0.709	0.766
5.20e-08	0.711	0.797
5.30e-08	0.713	0.826
5.40e-08	0.72	0.845
5.50e-08	0.729	0.867
5.60e-08	0.744	0.887
5.70e-08	0.763	0.905
5.80e-08	0.792	0.924
5.90e-08	0.812	0.935
6.00e-08	0.835	0.938
6.10e-08	0.862	0.937
6.20e-08	0.887	0.93
6.30e-08	0.914	0.924
6.40e-08	0.937	0.915
6.50e-08	0.957	0.9
6.60e-08	0.975	0.884
6.70e-08	0.993	0.869
6.80e-08	1.01	0.856
6.90e-08	1.02	0.837
7.00e-08	1.03	0.826
7.20e-08	1.04	0.809
7.40e-08	1.05	0.817
7.60e-08	1.06	0.835
7.80e-08	1.07	0.85
8.00e-08	1.08	0.866
8.20e-08	1.09	0.878
8.40e-08	1.1	0.891
8.60e-08	1.12	0.899
8.80e-08	1.14	0.903
9.00e-08	1.16	0.912
9.20e-08	1.18	0.919
9.40e-08	1.2	0.93
9.60e-08	1.19	0.942
9.80e-08	1.17	0.957
1.00e-07	1.19	0.981
1.02e-07	1.22	1.01
1.04e-07	1.22	1.02
1.06e-07	1.23	1.04
1.08e-07	1.24	1.05
1.10e-07	1.24	1.07
1.12e-07	1.25	1.09
1.14e-07	1.27	1.11
1.16e-07	1.28	1.13
1.18e-07	1.3	1.15
1.20e-07	1.32	1.17
1.22e-07	1.35	1.18
1.24e-07	1.37	1.18
1.26e-07	1.4	1.17
1.28e-07	1.42	1.17
1.30e-07	1.43	1.16
1.32e-07	1.43	1.15
1.34e-07	1.43	1.15
1.36e-07	1.43	1.14
1.38e-07	1.43	1.14
1.40e-07	1.45	1.15
1.42e-07	1.46	1.15
1.44e-07	1.46	1.15
1.46e-07	1.47	1.15
1.48e-07	1.47	1.15
1.50e-07	1.47	1.15
1.55e-07	1.46	1.16
1.60e-07	1.46	1.22
1.65e-07	1.48	1.21
1.70e-07	1.49	1.22
1.75e-07	1.46	1.23
1.80e-07	1.42	1.23
1.85e-07	1.38	1.24
1.90e-07	1.34	1.26
1.95e-07	1.3	1.29
2.00e-07	1.24	1.34
2.00e-07	1.39	1.35
2.03e-07	1.38	1.37
2.05e-07	1.19	1.4
2.07e-07	1.38	1.4
2.10e-07	1.37	1.43
2.14e-07	1.36	1.47
2.21e-07	1.36	1.54
2.30e-07	1.36	1.61
2.38e-07	1.36	1.67
2.48e-07	1.36	1.76
2.58e-07	1.38	1.85
2.70e-07	1.39	1.95
2.82e-07	1.43	2.04
2.95e-07	1.45	2.14
3.10e-07	1.49	2.25
3.18e-07	1.51	2.32
3.26e-07	1.53	2.37
3.35e-07	1.56	2.42
3.44e-07	1.58	2.48
3.54e-07	1.6	2.55
3.65e-07	1.62	2.62
3.76e-07	1.65	2.69
3.87e-07	1.68	2.76
4.00e-07	1.72	2.84
4.13e-07	1.75	2.92
4.28e-07	1.79	3.01
4.43e-07	1.83	3.1
4.59e-07	1.87	3.2
4.77e-07	1.91	3.3
4.96e-07	1.96	3.42
5.17e-07	2.03	3.54
5.39e-07	2.1	3.67
5.64e-07	2.17	3.77
5.90e-07	2.23	3.92
6.20e-07	2.3	4.07
6.53e-07	2.38	4.26
6.89e-07	2.51	4.43
7.29e-07	2.63	4.63
7.75e-07	2.76	4.84
8.27e-07	2.92	5.07
8.86e-07	3.1	5.32
9.54e-07	3.29	5.61
1.03e-06	3.55	5.92
1.08e-06	3.7	6.08
1.13e-06	3.86	6.24
1.18e-06	4.03	6.44
1.24e-06	4.25	6.62
1.31e-06	4.5	6.77
1.38e-06	4.77	6.91
1.41e-06	4.91	6.95
1.46e-06	5.05	6.98
1.51e-06	5.17	7.01
1.55e-06	5.31	7.04
1.61e-06	5.44	7.04
1.65e-06	5.57	7.02
1.70e-06	5.67	6.95
1.77e-06	5.71	6.83
1.82e-06	5.66	6.73
1.91e-06	5.52	6.66
1.97e-06	5.34	6.7
2.07e-06	5.13	6.75
2.18e-06	4.86	6.89
2.25e-06	4.58	7.14
2.38e-06	4.3	7.4
2.46e-06	3.91	7.71
2.64e-06	3.36	8.4
2.76e-06	3.03	9.31
2.88e-06	2.92	10.3
3.10e-06	2.81	11.4
3.26e-06	3.03	12.5
3.54e-06	3.28	13.7
3.88e-06	3.57	14.9
4.13e-06	3.92	16.2
4.43e-06	4.24	17.7
4.96e-06	4.7	19.4
5.64e-06	5.24	21.5
6.20e-06	5.9	24
7.29e-06	6.78	27.2
8.27e-06	8.18	31.2
9.54e-06	9.91	36.7
1.24e-05	13.2	44.7