260		
1.012e-07	0.256	0.918
1.033e-07	0.257	0.963
1.055e-07	0.259	1.01
1.078e-07	0.263	1.06
1.102e-07	0.267	1.11
1.127e-07	0.272	1.16
1.153e-07	0.278	1.21
1.181e-07	0.286	1.26
0.000000121	0.295	1.32
0.000000124	0.306	1.38
1.272e-07	0.318	1.45
1.305e-07	0.332	1.51
0.000000134	0.348	1.58
1.378e-07	0.367	1.66
1.417e-07	0.389	1.73
1.459e-07	0.414	1.82
1.503e-07	0.444	1.9
0.000000155	0.478	2
0.00000016	0.517	2.1
1.653e-07	0.563	2.21
0.000000171	0.618	2.32
1.771e-07	0.682	2.45
1.837e-07	0.756	2.58
1.907e-07	0.847	2.73
1.984e-07	0.968	2.89
2.066e-07	1.11	3.05
2.066e-07	1.01	2.909
2.073e-07	1.036	2.928
0.000000208	1.046	2.944
2.087e-07	1.066	2.937
2.094e-07	1.07	2.963
2.101e-07	1.083	2.982
2.109e-07	1.088	2.987
2.116e-07	1.102	3.005
2.123e-07	1.109	3.015
0.000000213	1.119	3.025
2.138e-07	1.24	3.18
2.138e-07	1.133	3.045
2.145e-07	1.139	3.061
2.153e-07	1.155	3.073
0.000000216	1.164	3.086
2.168e-07	1.175	3.102
2.175e-07	1.18	3.112
2.183e-07	1.195	3.135
2.191e-07	1.211	3.15
2.198e-07	1.222	3.169
2.206e-07	1.235	3.19
2.214e-07	1.4	3.33
2.214e-07	1.247	3.206
2.222e-07	1.265	3.228
0.000000223	1.28	3.245
2.238e-07	1.299	3.267
2.246e-07	1.319	3.285
2.254e-07	1.51	3.4
2.254e-07	1.34	3.302
2.263e-07	1.362	3.319
2.271e-07	1.389	3.334
2.279e-07	1.416	3.35
2.288e-07	1.445	3.359
2.296e-07	1.64	3.44
2.296e-07	1.471	3.366
2.305e-07	1.502	3.368
2.313e-07	1.526	3.368
2.322e-07	1.548	3.364
2.331e-07	1.566	3.358
2.339e-07	1.75	3.42
2.339e-07	1.579	3.353
2.348e-07	1.585	3.346
2.357e-07	1.59	3.344
2.366e-07	1.591	3.344
2.375e-07	1.592	3.347
2.384e-07	1.78	3.36
2.384e-07	1.589	3.354
2.394e-07	1.586	3.363
2.403e-07	1.582	3.376
2.412e-07	1.579	3.389
2.422e-07	1.573	3.408
2.431e-07	1.72	3.42
2.431e-07	1.571	3.429
2.441e-07	1.57	3.451
0.000000245	1.569	3.477
0.000000246	1.568	3.504
0.000000247	1.569	3.533
0.000000248	1.68	3.58
0.000000248	1.57	3.565
0.000000249	1.575	3.598
0.00000025	1.58	3.632
0.000000251	1.584	3.67
0.000000252	1.591	3.709
0.000000253	1.597	3.749
2.541e-07	1.608	3.789
2.551e-07	1.618	3.835
2.562e-07	1.629	3.88
2.572e-07	1.643	3.928
2.583e-07	1.658	3.979
2.594e-07	1.673	4.031
2.605e-07	1.692	4.088
2.616e-07	1.713	4.149
2.627e-07	1.737	4.211
2.638e-07	1.764	4.278
2.649e-07	1.794	4.35
2.661e-07	1.831	4.426
2.672e-07	1.874	4.506
2.684e-07	1.927	4.59
2.695e-07	1.988	4.678
2.707e-07	2.059	4.764
2.719e-07	2.14	4.849
2.731e-07	2.234	4.933
2.743e-07	2.339	5.011
2.755e-07	2.451	5.082
2.768e-07	2.572	5.148
0.000000278	2.7	5.206
2.792e-07	2.833	5.257
2.805e-07	2.974	5.304
2.818e-07	3.12	5.344
2.831e-07	3.277	5.381
2.844e-07	3.444	5.414
2.857e-07	3.634	5.435
0.000000287	3.849	5.439
2.883e-07	4.086	5.395
2.897e-07	4.318	5.301
0.000000291	4.525	5.158
2.924e-07	4.686	4.989
2.938e-07	4.805	4.812
2.952e-07	4.888	4.639
2.966e-07	4.941	4.48
0.000000298	4.977	4.335
2.995e-07	4.999	4.204
3.009e-07	5.012	4.086
3.024e-07	5.02	3.979
3.039e-07	5.021	3.885
3.054e-07	5.02	3.798
3.069e-07	5.018	3.72
3.084e-07	5.015	3.65
0.00000031	5.01	3.587
3.115e-07	5.009	3.529
3.131e-07	5.01	3.477
3.147e-07	5.009	3.429
3.163e-07	5.012	3.386
3.179e-07	5.016	3.346
3.195e-07	5.021	3.31
3.212e-07	5.029	3.275
3.229e-07	5.04	3.242
3.246e-07	5.052	3.211
3.263e-07	5.065	3.182
0.000000328	5.079	3.154
3.297e-07	5.095	3.128
3.315e-07	5.115	3.103
3.333e-07	5.134	3.079
3.351e-07	5.156	3.058
3.369e-07	5.179	3.039
3.388e-07	5.204	3.021
3.406e-07	5.231	3.007
3.425e-07	5.261	2.995
3.444e-07	5.296	2.987
3.463e-07	5.336	2.983
3.483e-07	5.383	2.984
3.502e-07	5.442	2.989
3.522e-07	5.515	2.999
3.542e-07	5.61	3.014
3.563e-07	5.733	3.026
3.583e-07	5.894	3.023
3.604e-07	6.089	2.982
3.625e-07	6.308	2.881
3.647e-07	6.522	2.705
3.668e-07	6.695	2.456
0.000000369	6.796	2.169
3.712e-07	6.829	1.87
3.734e-07	6.799	1.571
3.757e-07	6.709	1.321
0.000000378	6.585	1.11
3.803e-07	6.452	0.945
3.827e-07	6.316	0.815
0.000000385	6.185	0.714
3.875e-07	6.062	0.63
3.899e-07	5.948	0.561
3.924e-07	5.842	0.505
3.949e-07	5.744	0.456
3.974e-07	5.654	0.416
0.0000004	5.57	0.387
4.025e-07	5.493	0.355
4.052e-07	5.42	0.329
4.078e-07	5.349	0.313
4.105e-07	5.284	0.291
4.133e-07	5.222	0.269
4.161e-07	5.164	0.255
4.189e-07	5.109	0.244
4.217e-07	5.058	0.228
4.246e-07	5.009	0.211
4.275e-07	4.961	0.203
4.305e-07	4.916	0.194
4.335e-07	4.872	0.185
4.366e-07	4.831	0.185
4.397e-07	4.791	0.17
4.428e-07	4.753	0.163
0.000000446	4.718	0.149
4.492e-07	4.682	0.149
4.525e-07	4.648	0.133
4.558e-07	4.615	0.131
4.592e-07	4.583	0.13
4.626e-07	4.553	0.131
4.661e-07	4.522	0.134
4.696e-07	4.495	0.12
4.732e-07	4.466	0.12
4.769e-07	4.442	0.09
4.806e-07	4.416	0.094
4.843e-07	4.391	0.083
4.881e-07	4.367	0.079
0.000000492	4.343	0.077
4.959e-07	4.32	0.073
4.999e-07	4.298	0.073
0.000000504	4.277	0.066
5.081e-07	4.255	0.072
5.123e-07	4.235	0.06
5.166e-07	4.215	0.06
5.209e-07	4.196	0.056
5.254e-07	4.177	0.053
5.299e-07	4.159	0.043
5.344e-07	4.14	0.045
5.391e-07	4.123	0.048
5.438e-07	4.106	0.044
5.486e-07	4.089	0.044
5.535e-07	4.073	0.032
5.585e-07	4.057	0.038
5.636e-07	4.042	0.032
5.687e-07	4.026	0.034
0.000000574	4.012	0.03
5.794e-07	3.997	0.027
5.848e-07	3.983	0.03
5.904e-07	3.969	0.03
5.961e-07	3.956	0.027
6.019e-07	3.943	0.025
6.078e-07	3.931	0.025
6.138e-07	3.918	0.024
6.199e-07	3.906	0.022
6.262e-07	3.893	0.022
6.326e-07	3.882	0.019
6.391e-07	3.87	0.018
6.458e-07	3.858	0.017
6.526e-07	3.847	0.016
6.595e-07	3.837	0.016
6.666e-07	3.826	0.015
6.738e-07	3.815	0.014
6.812e-07	3.805	0.013
6.888e-07	3.796	0.013
6.965e-07	3.787	0.013
7.045e-07	3.778	0.012
7.126e-07	3.768	0.011
7.208e-07	3.761	0.011
7.293e-07	3.752	0.01
0.000000738	3.745	0.01
7.469e-07	3.736	0.009
0.000000756	3.728	0.009
7.653e-07	3.721	0.008
7.749e-07	3.714	0.008
7.847e-07	3.705	0.007
7.948e-07	3.697	0.007
8.051e-07	3.688	0.006
8.157e-07	3.681	0.006
8.266e-07	3.673	0.005