239
0.000000350	3.420140376	0
0.000000352	3.392802715	0
0.000000354	3.36682587	0
0.000000356	3.342109721	0
0.000000358	3.318563889	0
0.000000360	3.296106561	0
0.000000362	3.274663484	0
0.000000364	3.254167109	0
0.000000366	3.234555831	0
0.000000368	3.215773351	0
0.000000370	3.197768104	0
0.000000372	3.18049277	0
0.000000374	3.163903838	0
0.000000376	3.147961229	0
0.000000378	3.132627957	0
0.000000380	3.117869838	0
0.000000382	3.103655221	0
0.000000384	3.08995476	0
0.000000386	3.076741204	0
0.000000388	3.063989213	0
0.000000390	3.051675187	0
0.000000392	3.039777125	0
0.000000394	3.028274485	0
0.000000396	3.017148065	0
0.000000398	3.006379897	0
0.000000400	2.995953147	0
0.000000402	2.985852024	0
0.000000404	2.976061704	0
0.000000406	2.966568254	0
0.000000408	2.957358566	0
0.000000410	2.948420294	0
0.000000412	2.939741806	0
0.000000414	2.931312123	0
0.000000416	2.923120882	0
0.000000418	2.915158288	0
0.000000420	2.907415078	0
0.000000422	2.899882483	0
0.000000424	2.892552198	0
0.000000426	2.885416348	0
0.000000428	2.878467464	0
0.000000430	2.871698453	0
0.000000432	2.865102581	0
0.000000434	2.858673441	0
0.000000436	2.852404943	0
0.000000438	2.846291288	0
0.000000440	2.840326952	0
0.000000442	2.834506672	0
0.000000444	2.82882543	0
0.000000446	2.823278436	0
0.000000448	2.817861119	0
0.000000450	2.812569112	0
0.000000452	2.807398242	0
0.000000454	2.802344518	0
0.000000456	2.797404125	0
0.000000458	2.792573406	0
0.000000460	2.787848865	0
0.000000462	2.783227149	0
0.000000464	2.778705045	0
0.000000466	2.774279471	0
0.000000468	2.769947474	0
0.000000470	2.765706215	0
0.000000472	2.761552971	0
0.000000474	2.757485126	0
0.000000476	2.753500165	0
0.000000478	2.749595672	0
0.000000480	2.745769322	0
0.000000482	2.742018878	0
0.000000484	2.738342188	0
0.000000486	2.734737181	0
0.000000488	2.731201859	0
0.000000490	2.727734301	0
0.000000492	2.724332653	0
0.000000494	2.720995127	0
0.000000496	2.717720001	0
0.000000498	2.714505611	0
0.000000500	2.711350354	0
0.000000502	2.70825268	0
0.000000504	2.705211092	0
0.000000506	2.702224147	0
0.000000508	2.699290448	0
0.000000510	2.696408644	0
0.000000512	2.693577433	0
0.000000514	2.69079555	0
0.000000516	2.688061777	0
0.000000518	2.685374932	0
0.000000520	2.682733871	0
0.000000522	2.680137488	0
0.000000524	2.67758471	0
0.000000526	2.675074501	0
0.000000528	2.672605854	0
0.000000530	2.670177794	0
0.000000532	2.667789376	0
0.000000534	2.665439684	0
0.000000536	2.66312783	0
0.000000538	2.660852952	0
0.000000540	2.658614213	0
0.000000542	2.656410801	0
0.000000544	2.65424193	0
0.000000546	2.652106834	0
0.000000548	2.65000477	0
0.000000550	2.647935017	0
0.000000552	2.645896875	0
0.000000554	2.643889661	0
0.000000556	2.641912715	0
0.000000558	2.639965392	0
0.000000560	2.638047067	0
0.000000562	2.636157132	0
0.000000564	2.634294994	0
0.000000566	2.632460079	0
0.000000568	2.630651826	0
0.000000570	2.62886969	0
0.000000572	2.62711314	0
0.000000574	2.625381659	0
0.000000576	2.623674745	0
0.000000578	2.621991908	0
0.000000580	2.62033267	0
0.000000582	2.618696567	0
0.000000584	2.617083146	0
0.000000586	2.615491965	0
0.000000588	2.613922594	0
0.000000590	2.612374613	0
0.000000592	2.610847614	0
0.000000594	2.609341199	0
0.000000596	2.607854977	0
0.000000598	2.606388569	0
0.000000600	2.604941606	0
0.000000602	2.603513727	0
0.000000604	2.602104578	0
0.000000606	2.600713816	0
0.000000608	2.599341106	0
0.000000610	2.597986118	0
0.000000612	2.596648534	0
0.000000614	2.595328041	0
0.000000616	2.594024333	0
0.000000618	2.592737112	0
0.000000620	2.591466087	0
0.000000622	2.590210973	0
0.000000624	2.588971493	0
0.000000626	2.587747373	0
0.000000628	2.586538348	0
0.000000630	2.585344159	0
0.000000632	2.584164552	0
0.000000634	2.582999278	0
0.000000636	2.581848094	0
0.000000638	2.580710763	0
0.000000640	2.579587052	0
0.000000642	2.578476734	0
0.000000644	2.577379588	0
0.000000646	2.576295394	0
0.000000648	2.57522394	0
0.000000650	2.574165018	0
0.000000652	2.573118424	0
0.000000654	2.572083957	0
0.000000656	2.571061423	0
0.000000658	2.57005063	0
0.000000660	2.569051391	0
0.000000662	2.568063521	0
0.000000664	2.567086842	0
0.000000666	2.566121176	0
0.000000668	2.565166351	0
0.000000670	2.564222199	0
0.000000672	2.563288553	0
0.000000674	2.562365252	0
0.000000676	2.561452135	0
0.000000678	2.560549048	0
0.000000680	2.559655836	0
0.000000682	2.558772352	0
0.000000684	2.557898446	0
0.000000686	2.557033976	0
0.000000688	2.556178801	0
0.000000690	2.55533278	0
0.000000692	2.55449578	0
0.000000694	2.553667666	0
0.000000696	2.552848308	0
0.000000698	2.552037578	0
0.000000700	2.551235349	0
0.000000702	2.550441499	0
0.000000704	2.549655905	0
0.000000706	2.54887845	0
0.000000708	2.548109017	0
0.000000710	2.54734749	0
0.000000712	2.546593758	0
0.000000714	2.545847711	0
0.000000716	2.545109239	0
0.000000718	2.544378237	0
0.000000720	2.5436546	0
0.000000722	2.542938226	0
0.000000724	2.542229014	0
0.000000726	2.541526864	0
0.000000728	2.540831681	0
0.000000730	2.540143367	0
0.000000732	2.53946183	0
0.000000734	2.538786978	0
0.000000736	2.538118719	0
0.000000738	2.537456966	0
0.000000740	2.53680163	0
0.000000742	2.536152625	0
0.000000744	2.535509869	0
0.000000746	2.534873276	0
0.000000748	2.534242766	0
0.000000750	2.533618259	0
0.000000752	2.532999677	0
0.000000754	2.53238694	0
0.000000756	2.531779974	0
0.000000758	2.531178703	0
0.000000760	2.530583054	0
0.000000762	2.529992954	0
0.000000764	2.529408333	0
0.000000766	2.52882912	0
0.000000768	2.528255246	0
0.000000770	2.527686643	0
0.000000772	2.527123245	0
0.000000774	2.526564987	0
0.000000776	2.526011803	0
0.000000778	2.525463631	0
0.000000780	2.524920407	0
0.000000782	2.524382071	0
0.000000784	2.523848562	0
0.000000786	2.52331982	0
0.000000788	2.522795787	0
0.000000790	2.522276405	0
0.000000792	2.521761618	0
0.000000794	2.521251369	0
0.000000796	2.520745604	0
0.000000798	2.520244268	0
0.000000800	2.519747308	0
0.000000802	2.519254672	0
0.000000804	2.518766308	0
0.000000806	2.518282165	0
0.000000808	2.517802194	0
0.000000810	2.517326344	0
0.000000812	2.516854567	0
0.000000814	2.516386815	0
0.000000816	2.515923042	0
0.000000818	2.515463201	0
0.000000820	2.515007245	0
0.000000822	2.51455513	0
0.000000824	2.514106812	0
0.000000826	2.513662247	0


0.00000043	2.871698453	0
0.000000441	2.837399124	0
0.000000452	2.807398242	0
0.000000463	2.780953841	0
0.000000474	2.757485126	0
0.000000485	2.736530851	0
0.000000496	2.717720001	0
0.000000507	2.700750727	0
0.000000518	2.685374932	0
0.000000529	2.67138681	0
0.00000054	2.658614213	0
0.000000551	2.646912038	0
0.000000562	2.636157132	0
0.000000573	2.626244298	0
0.000000584	2.617083146	0
0.000000595	2.608595587	0
0.000000606	2.600713816	0
0.000000617	2.59337868	0
0.000000628	2.586538348	0
0.000000639	2.580147219	0
0.00000065	2.574165018	0
0.000000661	2.568556046	0
0.000000672	2.563288553	0
0.000000683	2.558334211	0
0.000000694	2.553667666	0
0.000000705	2.549266168	0
0.000000716	2.545109239	0
0.000000727	2.541178408	0
0.000000738	2.537456966	0
0.000000749	2.533929768	0
0.00000076	2.530583054	0
0.000000771	2.527404298	0
0.000000782	2.524382071	0
0.000000793	2.521505929	0
0.000000804	2.518766308	0
0.000000815	2.516154434	0
0.000000826	2.513662247	0
0.000000837	2.511282328	0
0.000000848	2.509007839	0
0.000000859	2.506832468	0
0.00000087	2.504750379	0
0.000000881	2.50275617	0
0.000000892	2.500844835	0
0.000000903	2.499011725	0
0.000000914	2.497252521	0
0.000000925	2.495563206	0
0.000000936	2.493940036	0
0.000000947	2.492379521	0
0.000000958	2.490878402	0
0.000000969	2.489433636	0
0.00000098	2.488042372	0
0.000000991	2.486701945	0
0.000001002	2.485409854	0
0.000001013	2.484163755	0
0.000001024	2.482961446	0
0.000001035	2.481800857	0
0.000001046	2.480680043	0
0.000001057	2.47959717	0
0.000001068	2.478550514	0
0.000001079	2.477538448	0
0.00000109	2.476559435	0
0.000001101	2.475612026	0
0.000001112	2.474694852	0
0.000001123	2.473806617	0
0.000001134	2.472946096	0
0.000001145	2.472112129	0
0.000001156	2.471303616	0
0.000001167	2.470519516	0
0.000001178	2.469758839	0
0.000001189	2.469020649	0
0.0000012	2.468304052	0
0.000001211	2.467608204	0
0.000001222	2.466932298	0
0.000001233	2.466275569	0
0.000001244	2.465637288	0
0.000001255	2.465016761	0
0.000001266	2.464413326	0
0.000001277	2.463826353	0
0.000001288	2.46325524	0
0.000001299	2.462699413	0
0.00000131	2.462158326	0
0.000001321	2.461631454	0
0.000001332	2.461118298	0
0.000001343	2.46061838	0
0.000001354	2.460131243	0
0.000001365	2.45965645	0
0.000001376	2.459193583	0
0.000001387	2.45874224	0
0.000001398	2.458302038	0
0.000001409	2.457872609	0
0.00000142	2.4574536	0
0.000001431	2.457044675	0
0.000001442	2.456645507	0
0.000001453	2.456255786	0
0.000001464	2.455875213	0
0.000001475	2.4555035	0
0.000001486	2.455140373	0
0.000001497	2.454785566	0
0.000001508	2.454438825	0
0.000001519	2.454099904	0
0.00000153	2.453768567	0